22111,22111,22134,55334,55533|0001001000000010010010000
22333,52413,52411,54444,44444|0000101000000101000000100
22211,22244,22334,55334,55555|0001010000001000000101000
44122,44123,45123,41113,11113|1000000010010000000100100
22224,12244,11215,11115,33335|1000000010010000000100100
11155,11255,22223,44433,44444|0010000001100000001001000
11113,21113,21133,25533,22544|0010010000000010100000010
44555,44455,12445,12223,11133|1000000010010000000100100
44442,13322,13322,13322,12225|0010010000000100100000001
11115,24445,34445,33555,33555|0010010000000100100000001
22254,22554,11144,11144,33144|0001001000000010010010000
11144,11144,11115,22255,33355|0001001000000011000000100
11133,51223,55244,55544,55544|0100000001001001000000010
11111,43311,43312,44322,44555|0001001000000011000000100
33333,53331,55331,54411,52221|0010010000000010100000010
44441,44441,22222,33552,33322|0000100100100000001001000
22555,33555,33554,33444,33441|0100000010100000010000001
33222,31142,34444,55544,55555|0000100100100000001001000
33344,33344,22544,55514,55514|0010000001100000001001000
44555,44255,44233,42233,44211|0010010000000010100000010
11444,11554,11222,11233,22233|0000100100100000001001000
11444,11445,11155,22255,22233|0010010000000010100000010
22222,34222,33112,33355,55555|0000101000000101000000100
11444,15344,15322,13322,13322|0001001000000011000000100
44444,43344,55542,55522,11112|0001001000000010010010000
44411,41111,45553,22533,22233|0010000001010000001010000
55222,55332,53332,51144,51144|1000000100000010100000010
44113,44123,44523,55553,55553|0010010000000100100000001
11113,22111,22511,24551,44551|0000100100100000001001000
33333,44444,11222,11152,11552|0000101000000101000000100
31111,41111,44455,55555,22225|1000000010010000000100100
55521,55224,55334,53344,53344|0000100100100000001001000
55555,35225,35221,33411,33111|0100000010100000010000001
51111,55441,55433,55223,55223|0100000010100000010000001
22444,22224,22534,25533,21333|0001010000001000000101000
33322,33552,11544,15554,11554|0001001000000011000000100
55555,11522,31422,31442,31142|0010000001100000001001000
44455,34455,11444,11442,11142|0001010000001000000101000
54423,54423,51223,11223,11223|1000000100000010100000010
54442,55422,35422,31122,31111|0001001000000011000000100
22533,22533,55544,55541,55111|0000101000000101000000100
35533,33333,11322,11122,44422|0100000010100000000100100
24444,21355,11355,11355,11111|0001010000001000000101000
34422,34222,33125,35555,35555|0100000001001001000000010
12223,11223,14223,44553,45555|1000000100000010100000010
33311,44441,44241,52241,55541|0100000001001001000000010
22555,24433,24443,11443,11443|0010010000000010100000010
54444,55522,33551,33551,33111|0100000010100000010000001
22211,22221,55521,53324,53344|0001010000001000000101000
44444,11133,11133,22233,55233|0001001000000010010010000
11111,22254,22255,33255,33255|0100000001001001000000010
33555,33555,13225,13222,14422|0100000010100000000100100
22214,22114,23114,23114,53334|0010000001010000001010000
55544,55444,14444,11122,13322|0010000001100000001001000
52241,52241,55511,33511,33555|0001001000000011000000100
22333,22443,22544,55541,55511|0010010000000010100000010
55111,55514,55554,33552,32222|0001001000000011000000100
33333,33355,41111,44112,44122|0100000010100000000100100
22222,23333,11113,44443,44455|0100000001001001000000010
22222,55222,55111,55411,33444|0001001000000010010010000
22111,22311,25311,25331,25444|1000000100000010100000010
22222,22225,44445,11143,11133|0100000001001001000000010
55544,55554,22255,22153,21133|0001010000001000000101000
44111,55111,35222,33332,33332|1000000010010000000100100
44444,34444,33541,33111,32222|0001010000001000000101000
11111,15551,22222,42222,42333|0001001000000011000000100
44444,11444,11225,12225,13355|0001010000001000000101000
54444,55441,55551,35551,33222|0100000001001001000000010
11155,11355,12355,22335,22344|0100000001001001000000010
44111,44111,55533,55533,55222|0000101000000101000000100
55555,55333,15333,12244,12244|0100000010100000010000001
34444,31444,33422,35442,55522|0000101000000101000000100
15555,11552,11122,33324,33324|0010010000000100100000001
11133,51114,51144,55242,55222|0001001000000010010010000
55555,11244,11244,11223,11223|1000000010010000000100100
35555,33555,33322,11422,11222|0001001000000010010010000
33311,43321,44221,45221,55211|0010010000000100100000001
55555,33555,31152,34422,44422|0001010000001000000101000
55554,55544,52222,11122,11132|0100000001001001000000010
33311,35111,55114,55214,52244|0100000010100000010000001
44411,44411,54411,54422,33422|0000100100100000001001000
33333,22353,22453,22451,24451|0100000010100000000100100
55433,55443,55433,55522,11522|0010000001010000001010000
11443,15543,12223,12222,11222|0001001000000011000000100
33332,33432,51444,51111,51111|0000101000000101000000100
22444,22554,22554,21334,11133|1000000100000010100000010
54444,51134,55134,22133,22133|1000000100000010100000010
11332,11322,55522,55422,44442|0010010000000010100000010
41133,41133,45222,45222,42222|0010000001010000001010000
55551,55551,33311,23341,22222|0000100100100000001001000
24444,24444,23354,21155,11555|0001010000001000000101000
55333,55443,55442,44422,11111|0010010000000010100000010
11222,11224,13344,33344,55544|0001001000000010010010000
22555,25551,25331,55341,55441|0100000001001001000000010
55511,55111,11133,21433,22333|0001001000000010010010000
44422,33221,33221,33551,33551|1000000100000010100000010
52244,52344,52344,55333,51113|0010000001100000001001000
11553,11533,11533,44222,44222|0001001000000011000000100
44455,42433,22333,22333,11111|0000100100100000001001000
55555,22355,23333,13444,11144|0001010000001000000101000
44455,44225,42255,43313,33333|0000100100100000001001000
33311,44311,44551,45551,42551|0010000001100000001001000
22333,11333,11333,11555,11544|0100000010100000010000001
21144,21143,21133,22235,55555|0001001000000011000000100
44445,44445,33415,33312,22222|0000101000000101000000100
55311,55311,53321,52224,52224|1000000010010000000100100
31112,31222,33222,33425,33225|0100000010100000010000001
22244,21144,21114,25533,55533|0000100100100000001001000
25333,25333,22233,14444,11444|0100000001001001000000010
25555,25544,22341,22341,22331|0100000010100000000100100
11144,31144,33554,22554,22222|0100000010100000010000001
44222,41152,41152,33355,33335|0000100100100000001001000
55433,54433,54433,11332,22222|0100000001001001000000010
55222,55522,35522,11442,11144|0000100100100000001001000
22555,11535,11333,11144,11144|1000000100000010100000010
51111,52333,22334,22244,22244|0010010000000100100000001
55211,55111,55111,44431,44431|0010000001010000001010000
54444,53244,53221,53121,53111|0001010000001000000101000
55222,55422,44422,33111,33111|0100000001001001000000010
44511,44511,24413,22433,22433|0010000001010000001010000
11144,11144,33224,33255,33355|0001010000001000000101000
55222,55311,54411,44411,44441|0000100100100000001001000
53331,53331,54441,54221,44221|0000100100100000001001000
55555,45555,45333,22211,22111|0001010000001000000101000
22255,44553,44433,44411,44411|1000000100000010100000010
44422,44422,44423,11133,55553|0001001000000011000000100
22222,22552,11222,33322,33444|0100000010100000010000001
15333,15323,15223,15244,11244|0100000001001001000000010
13335,13335,13235,12244,11444|0100000001001001000000010
52222,52222,55521,44551,33331|1000000100000010100000010
55522,35222,35544,35114,35111|0000101000000101000000100
22333,22333,44331,44551,45551|1000000100000010100000010
33444,34411,55221,55221,55221|1000000100000010100000010
11555,25555,22244,22234,22334|1000000010010000000100100
24455,24445,22444,33311,33311|0001010000001000000101000
23344,23311,53311,55331,55331|0001010000001000000101000
55113,55143,51143,51143,22233|0000100100100000001001000
22555,22445,21144,11133,11133|0000100100100000001001000
22335,22235,42222,41221,41111|0010000001100000001001000
11333,11333,11533,21444,22244|0100000001001001000000010
22433,22433,14445,11445,11155|1000000010010000000100100
25551,25551,22241,32211,32221|0000101000000101000000100
55444,55444,52444,52233,52111|1000000010010000000100100
52222,54222,34442,33311,33311|1000000010010000000100100
45522,44222,44222,33211,33311|0100000010100000000100100
22444,12255,12225,13333,33333|0001001000000011000000100
44443,14443,12553,12553,12233|0010010000000100100000001
33222,43222,44211,44211,22251|1000000100000010100000010
51144,51144,55522,55522,55333|0100000010100000000100100
44222,44222,44122,55133,55333|0100000001001001000000010
55551,55551,44511,42231,42233|0000100100100000001001000
55411,55441,55441,44431,22333|0010000001010000001010000
22223,23333,55411,54411,44111|0100000010100000010000001
55411,54413,52223,55233,55533|0001001000000010010010000
53333,55333,22233,11144,11114|1000000010010000000100100
44411,44441,55555,55553,22222|0001010000001000000101000
22555,22555,24445,11443,11443|0001010000001000000101000
34444,33344,33332,55112,55112|0001001000000010010010000
11111,11544,11544,21553,23333|0100000001001001000000010
22255,22233,44233,14333,11113|0000100100100000001001000
44222,44452,44453,11113,11133|0010010000000100100000001
55555,55554,53334,11322,11122|0010000001010000001010000
33444,33444,34411,55111,55122|1000000100000010100000010
55544,55544,11144,11122,11332|1000000010010000000100100
22444,22441,52211,55311,55333|0001001000000010010010000
33333,11153,22154,22254,22254|0010010000000010100000010
22211,24111,34551,34455,33455|0100000010100000010000001
44442,44442,55333,15333,11333|0000100100100000001001000
44555,44352,13322,11122,11111|1000000010010000000100100
55511,55111,54411,44231,22221|0010000001010000001010000
33322,13322,13352,11355,14444|0000101000000101000000100
21111,21311,21355,44333,44333|0010010000000100100000001
41111,44333,44333,44335,22255|0001010000001000000101000
22311,33311,33355,34445,34445|1000000010010000000100100
55552,51112,44412,44422,33332|0001001000000010010010000
22211,44113,44433,55533,55555|1000000010010000000100100
22555,22255,23351,23341,33341|0010010000000010100000010
11122,11122,31154,33554,33555|0001001000000011000000100
33333,12233,44222,44525,55555|0010010000000100100000001
11333,41333,44333,22233,22255|0100000010100000010000001
52222,55332,55344,55144,55111|0100000010100000000100100
12222,15552,11552,11432,14422|0000100100100000001001000
21111,22211,22233,44233,44533|0001001000000011000000100
55522,55522,51122,51324,51324|1000000010010000000100100
44444,44554,22551,22351,22311|0100000010100000010000001
55444,55444,55114,11133,22222|0001010000001000000101000
55522,55522,53332,54444,44114|1000000010010000000100100
44111,44155,44455,22255,33355|0001001000000011000000100
24111,24111,22211,22253,22553|0100000010100000000100100
22444,22444,22441,31111,33551|0001001000000011000000100
33355,33333,11122,14422,14444|0001001000000011000000100
42333,42333,45555,44111,44444|0001001000000010010010000
22223,22233,12133,11155,44115|0000100100100000001001000
33333,13344,11244,11244,11245|0100000010100000010000001
11144,11444,21144,21155,23155|0010000001100000001001000
44444,22444,55114,53334,53333|0000101000000101000000100
11355,11335,12355,22354,24444|0100000001001001000000010
33333,14333,14422,11555,11555|0000101000000101000000100
33355,33325,42225,41555,41111|0100000010100000000100100
22255,42255,41255,41333,11333|0010010000000010100000010
11444,14443,12443,12145,11155|1000000100000010100000010
15555,12255,22455,24435,23335|1000000100000010100000010
55544,22244,22241,33331,33331|1000000010010000000100100
33111,33151,23551,22111,44411|0100000010100000000100100
55444,51444,51332,53332,33222|0000101000000101000000100
44223,54233,51113,51111,51111|0001001000000011000000100
33332,55132,55122,51122,44422|0001001000000010010010000
33555,33554,11244,12244,14444|0100000010100000010000001
33225,33225,43222,41122,41122|0000101000000101000000100
55144,55114,32211,32211,32211|0001001000000011000000100
53322,55122,55122,44122,44111|0010010000000010100000010
33155,23155,22144,22244,22244|0100000001001001000000010
44442,44442,11532,11533,11533|0000101000000101000000100
33324,53224,55544,55141,11111|0001001000000011000000100
11444,11143,51143,55553,55523|0010010000000010100000010
21111,23114,23144,23544,22544|0001001000000010010010000
33334,55524,55524,11122,11122|0100000001001001000000010
55444,55442,55552,53512,33312|0010000001010000001010000
55555,51135,41133,22333,22333|0000100100100000001001000
41122,11122,13552,33555,33355|1000000100000010100000010
55333,55523,44422,14412,11111|0010010000000100100000001
11113,15553,11233,44233,44233|0001001000000010010010000
44422,41332,41152,45552,55555|1000000010010000000100100
11444,11333,13333,33255,22255|0010000001100000001001000
22333,22553,14453,11553,11133|1000000010010000000100100
21111,22111,33111,33155,44445|1000000010010000000100100
33334,33444,11444,11222,11522|0100000010100000000100100
33332,44222,55522,55111,55111|0010010000000010100000010
44333,22223,55222,55112,11112|0100000001001001000000010
55533,25533,25533,24533,44111|0010010000000010100000010
11333,14333,44435,44225,22225|1000000100000010100000010
43311,43311,53311,55511,22222|1000000100000010100000010
22233,22113,22213,22255,24255|0000100100100000001001000
34444,32544,32555,33555,33115|0001001000000011000000100
22233,22223,22444,11444,11555|0001001000000011000000100
21133,21133,11133,15553,15554|0010010000000100100000001
55542,55542,15542,11122,11333|0001001000000011000000100
33344,33344,22111,22251,55555|0100000001001001000000010
55533,51113,51113,54422,44442|0000100100100000001001000
24444,22445,33345,33335,33115|1000000010010000000100100
22533,22533,22534,11544,11544|0001001000000011000000100
55522,35522,45412,44411,44411|0010010000000010100000010
33333,22433,22455,21115,11115|0001010000001000000101000
33332,13522,13522,11122,44422|0001010000001000000101000
11111,51133,44433,44233,22233|0001010000001000000101000
55113,51113,55422,54442,54444|0000101000000101000000100
44422,44422,44322,13355,11355|0100000001001001000000010
23355,22555,22555,22114,22144|0100000010100000010000001
33355,13355,12354,12314,11114|1000000010010000000100100
22443,22443,22233,25555,55515|0010010000000010100000010
44445,55555,22225,11325,11335|0100000001001001000000010
44433,44443,52233,52113,22113|0000100100100000001001000
24444,22133,21133,21553,25555|0010000001010000001010000
33355,41155,44555,44422,44422|1000000100000010100000010
22555,22213,42213,44333,44433|0010010000000100100000001
34444,33414,33411,23511,25511|0000101000000101000000100
11144,35144,35554,33555,22555|0010000001100000001001000
33342,33342,34442,11452,11112|0010000001010000001010000
12222,11222,43255,43555,44455|1000000010010000000100100
22155,22155,24155,24333,22223|0010000001010000001010000
33355,33355,11154,12444,12222|0001001000000011000000100
32222,33332,33312,55334,55444|0000101000000101000000100
33222,33222,12222,11224,11554|0100000010100000000100100
55555,55455,55552,53222,33111|1000000100000010100000010
11333,11133,51523,55543,55544|0010010000000100100000001
33355,33311,33111,22441,22441|0001001000000011000000100
22333,22443,55443,55411,55441|0001010000001000000101000
44411,44411,44511,44533,22223|0001010000001000000101000
43322,44322,45552,45551,45555|0100000010100000000100100
22211,32211,34411,34551,33551|0010000001010000001010000
34422,33352,31551,31111,31111|0100000001001001000000010
44455,15555,13333,12333,22233|0100000010100000000100100
35111,35212,35212,32222,34444|0100000010100000000100100
13333,13333,44435,55555,22255|1000000010010000000100100
44555,44555,34115,32215,32255|0000101000000101000000100
44111,44111,44555,42555,42335|0010010000000010100000010
11333,14443,44444,24455,22225|0001010000001000000101000
31112,35122,35114,11114,11114|1000000010010000000100100
44455,41455,21433,21433,22443|0001001000000011000000100
55551,44511,44512,34522,33522|0010000001010000001010000
55511,44411,42411,32222,33333|1000000100000010100000010
33444,33222,53322,53311,53111|0010000001100000001001000
44555,34555,34451,33551,33211|0001001000000011000000100
33355,33335,33315,44215,22255|0000101000000101000000100
11444,11244,52234,55533,55333|1000000100000010100000010
44433,44333,41133,51223,51123|0100000001001001000000010
44443,44433,41223,11222,55222|0010000001010000001010000
44111,44111,44253,42253,42223|0010010000000100100000001
44311,44221,22211,22211,22255|0010010000000010100000010
11555,11555,33342,44442,44222|0100000010100000010000001
33344,33244,11225,11225,11115|0001001000000010010010000
55344,53342,53342,33442,11122|0001010000001000000101000
44433,44433,54111,55111,55522|0100000001001001000000010
33333,35333,35544,25544,11144|0000101000000101000000100
11533,11555,11155,11222,14422|0000100100100000001001000
33111,33311,23444,22444,22555|0001001000000011000000100
55511,55511,44321,44222,44222|0001010000001000000101000
44111,34111,34411,32255,32225|0001010000001000000101000
22222,42223,42233,55133,51111|0010010000000010100000010
33333,22553,41155,44555,44555|0001010000001000000101000
11155,11255,11224,31224,33224|0001001000000011000000100
55224,55524,55324,53314,53311|0010000001100000001001000
55555,22451,22441,32211,33111|0000101000000101000000100
22255,22225,44333,44331,44111|0001010000001000000101000
24443,24443,22333,22531,55511|0001010000001000000101000
44433,44553,42551,22251,22251|0001010000001000000101000
44553,44133,44113,44113,42222|0010000001100000001001000
55523,11123,11223,11144,11144|0100000001001001000000010
33111,32222,35554,35544,35544|0010000001100000001001000
44433,24433,24443,25133,55111|0010010000000010100000010
24333,24455,24445,24455,22211|0010010000000010100000010
33445,33445,33325,33325,11155|0010000001010000001010000
55511,55511,33551,32224,33224|0100000010100000000100100
44111,44111,34555,55552,52222|0100000010100000010000001
44555,44555,44435,11122,11222|0000101000000101000000100
33222,33222,11224,11544,55555|0001001000000011000000100
22233,22233,22221,54421,54411|0001001000000011000000100
44444,33444,33341,33551,22551|0001001000000010010010000
55551,55551,24111,24431,24441|0000100100100000001001000
55555,33344,33311,33221,22221|1000000010010000000100100
52333,52233,55222,55421,54411|0001010000001000000101000
44555,44455,24455,23331,22111|0100000010100000010000001
11444,11444,33244,32255,55555|0100000001001001000000010
31111,33111,33555,32545,55544|1000000100000010100000010
44415,41115,41315,33322,33332|0000100100100000001001000
44444,44455,42223,41223,11113|1000000010010000000100100
33332,13342,11522,11552,55552|0100000010100000000100100
22222,44311,43351,33551,33551|0010010000000010100000010
11333,11333,11422,44422,44425|0010010000000100100000001
55511,33511,45551,44422,44422|0001010000001000000101000
12255,12225,11445,13345,11355|0010010000000100100000001
11115,41555,44555,22333,22333|0010010000000010100000010
55221,55211,55311,55331,54444|0010000001100000001001000
11133,11444,11144,52222,55552|0001001000000010010010000
55522,55522,55322,15344,11144|0100000001001001000000010
43355,43355,43355,11322,11222|1000000100000010100000010
44455,24355,24355,24315,44111|0000100100100000001001000
22555,22555,22344,21144,11444|0001010000001000000101000
33333,44333,42111,42555,42222|0001010000001000000101000
33322,33325,41155,41115,44115|0001001000000011000000100
22444,22444,24441,25331,25531|1000000100000010100000010
43333,44333,11533,15522,15552|1000000010010000000100100
33344,11444,11445,12255,22255|1000000010010000000100100
41111,44131,44231,44222,55522|0100000010100000000100100
44222,44333,44553,14533,11133|0001010000001000000101000
55444,55444,25333,21131,21111|0100000001001001000000010
22221,44222,44422,55444,55334|0000101000000101000000100
33555,13354,13324,11122,11122|0010000001010000001010000
52222,52233,52244,11244,11144|1000000010010000000100100
41112,44552,44532,44333,44433|0100000001001001000000010
22211,22311,23311,25441,25511|0000100100100000001001000
22111,21111,33155,33444,33344|0010010000000100100000001
22244,22333,22333,21555,21115|0001010000001000000101000
45555,45552,41112,41122,43322|0001010000001000000101000
55311,22331,22211,44211,44411|1000000010010000000100100
35555,31254,31224,31224,33224|0001001000000011000000100
44555,44433,44231,12221,11111|0010000001100000001001000
54444,55444,52214,52214,52213|0010010000000100100000001
22222,55222,54113,54113,54113|0010010000000010100000010
55552,55552,44553,41533,41113|0000100100100000001001000
55443,24443,22433,22113,22113|1000000010010000000100100
22243,24443,11333,11555,15555|1000000100000010100000010
33344,33224,33225,11125,11111|0001010000001000000101000
25555,21555,21155,21144,33344|0001010000001000000101000
11122,51122,54444,54433,55333|0001001000000011000000100
55533,55533,55544,22444,21114|0001001000000011000000100
22222,33112,11155,44455,44455|0001010000001000000101000
33322,55222,55442,14442,14444|0010000001010000001010000
44553,44453,44453,12253,11113|0010010000000010100000010
44445,44445,43335,22155,22115|0000101000000101000000100
11533,11533,44553,44454,22444|0001010000001000000101000
33554,33334,33224,11244,11111|0001010000001000000101000
11333,11133,55243,52243,52444|0100000001001001000000010
11111,44411,22455,32555,33555|0000100100100000001001000
44333,44322,11552,11522,11122|0001010000001000000101000
51222,51111,55544,53444,33444|0010000001010000001010000
45555,45555,33111,33222,22222|1000000100000010100000010
33333,21111,24111,44445,44455|0001010000001000000101000
52222,54442,55511,33311,33311|0000100100100000001001000
33333,42533,44511,44511,44411|0001001000000010010010000
11333,13344,22444,52554,55554|1000000100000010100000010
44411,44533,45553,44223,42233|0001010000001000000101000
22221,32221,34411,34551,33555|0010000001010000001010000
33333,33334,33554,11524,11524|0100000001001001000000010
22233,22133,21133,44433,55553|1000000100000010100000010
44422,44222,55223,51133,11133|0100000010100000010000001
22225,22455,22415,33411,33331|0000100100100000001001000
22233,22133,21114,11155,11555|0001001000000011000000100
44453,45553,22553,22213,22113|1000000010010000000100100
44444,55544,55144,53112,33312|0001010000001000000101000
33333,32144,22145,22115,22111|1000000010010000000100100
44455,41115,41335,43335,22225|0000101000000101000000100
23333,23533,22443,22144,11144|0000100100100000001001000
11333,11335,25555,22224,22244|1000000010010000000100100
11111,12222,44333,44555,44444|0001001000000010010010000
22221,33311,33355,44445,44445|1000000010010000000100100
33554,33224,32222,31211,31111|0010000001010000001010000
11124,12224,33224,33524,35544|0100000010100000010000001
52244,52244,55111,55113,51113|0100000010100000000100100
33311,33551,44551,44455,24455|0010000001010000001010000
44445,44445,33115,33315,33225|0000101000000101000000100
22331,22231,44111,44111,44555|0010010000000010100000010
33333,33112,55142,55142,54442|1000000100000010100000010
44331,44331,22211,22551,22551|0010010000000010100000010
55522,15524,15524,33344,33344|0001010000001000000101000
55555,44435,44133,22133,22113|0001010000001000000101000
21154,21154,21134,23334,33334|0001010000001000000101000
22225,22255,33311,33311,34411|0000100100100000001001000
44222,44222,44333,44551,45551|0001010000001000000101000
55511,55544,53344,53344,22222|0001010000001000000101000
33442,34442,44422,11522,11555|1000000100000010100000010
55222,35542,33544,33314,33114|0001001000000011000000100
51112,55112,33112,33112,33344|1000000100000010100000010
22444,52444,52222,55523,11533|0001010000001000000101000
22244,22444,22113,52133,55133|0100000001001001000000010
22444,22333,22333,11335,11555|0010010000000010100000010
55333,55544,52244,12241,11111|0010010000000100100000001
22444,22223,22213,55511,55511|0010000001010000001010000
55331,53331,55531,55544,22224|0000100100100000001001000
55511,52211,52211,33411,44444|0100000001001001000000010
33334,22334,22334,12554,12544|0000101000000101000000100
33444,33341,33311,55322,55222|0010000001010000001010000
33331,33311,54441,52441,52241|0000100100100000001001000
55511,52113,22333,22444,24444|1000000100000010100000010
23344,22344,22344,52111,55511|0100000010100000000100100
22333,22311,52211,54441,54441|0001001000000011000000100
55522,35544,35144,33111,33311|0001001000000010010010000
55511,55511,22414,33444,33444|0000100100100000001001000
23355,22334,22334,22114,21111|0001010000001000000101000
44333,44333,13332,11532,11552|0001001000000010010010000
11122,11122,34122,44455,44455|0000100100100000001001000
11155,11225,44255,44553,44433|1000000100000010100000010
44333,44433,54133,54112,54222|0100000001001001000000010
55522,51112,44112,44312,44312|0100000010100000010000001
11144,11342,33342,33555,33555|0001001000000010010010000
21113,21113,21133,22555,24555|0000100100100000001001000
33445,33355,23555,21555,11111|0001001000000011000000100
33312,33422,33422,33422,35555|0001010000001000000101000
55511,54511,54522,53322,53322|0001001000000010010010000
22233,55244,55544,11544,11544|0000100100100000001001000
11111,43333,43333,44225,44455|0100000010100000010000001
51111,55111,55411,22433,22433|0001010000001000000101000
41144,44444,22554,22554,22333|0100000001001001000000010
21553,21553,22443,24444,44444|0001001000000011000000100
55444,55444,35111,33111,22221|0100000010100000000100100
55444,55555,55332,11332,11332|0010010000000010100000010
55511,53311,52314,52224,55444|0001001000000010010010000
33333,33322,54422,54221,52211|0100000001001001000000010
22441,33441,33411,55511,55511|1000000010010000000100100
44111,41122,55522,55522,55533|1000000100000010100000010
24433,25553,25533,25513,22113|0100000010100000000100100
11332,11322,53322,43324,44444|0100000010100000010000001
34444,33332,33332,55522,55122|0001001000000011000000100
45555,45225,44225,43321,44311|0100000010100000000100100
35444,35555,35551,33221,33211|0001001000000010010010000
44111,44111,22111,22153,55553|0100000010100000000100100
35544,33544,31144,31122,33222|0100000001001001000000010
33111,33355,34455,44222,44222|0010000001100000001001000
53334,53344,51444,51112,51112|0100000010100000000100100
33111,33111,33221,55224,55222|0001010000001000000101000
55555,33333,11222,11442,11444|0100000001001001000000010
22233,22211,24441,24455,55555|0001001000000010010010000
22233,52233,54431,55411,55511|0010000001010000001010000
55111,55113,52223,44333,44333|0001010000001000000101000
55555,11155,11133,22144,22144|0010010000000100100000001
11111,22114,25554,23333,23333|0010000001010000001010000
11344,11344,11144,55544,55524|0010010000000010100000010
45555,43355,44125,11122,12222|1000000100000010100000010
55444,52224,11224,11324,33324|1000000010010000000100100
11555,11553,11253,12223,44443|0001010000001000000101000
22255,23335,33344,31144,11144|0001010000001000000101000
33333,43331,44531,55521,55551|0010000001100000001001000
55533,55533,42211,44441,44444|1000000010010000000100100
33333,42233,42213,42113,44555|0000101000000101000000100
33333,13344,14445,22245,22555|0010010000000100100000001
44255,42255,22255,11335,11335|1000000100000010100000010
55333,55333,55433,55422,11422|0001010000001000000101000
11155,11555,22255,22234,22334|1000000010010000000100100
12244,12224,13224,13524,15554|1000000010010000000100100
44411,44411,43331,55332,55522|0001010000001000000101000
11222,11122,11133,44153,44155|0010010000000100100000001
33322,33522,11552,11554,11554|0001010000001000000101000
44453,44333,22333,21133,21113|0001001000000011000000100
33444,34441,31111,33222,55222|0010000001100000001001000
33333,13355,13355,24445,22455|0010000001100000001001000
45511,44511,44511,33221,32211|0010000001010000001010000
11133,11133,44135,22115,22255|0100000010100000000100100
53111,53411,53321,53321,55321|1000000100000010100000010
22221,11111,41433,44443,44455|1000000100000010100000010
23333,25555,22555,11155,11144|0010010000000010100000010
42222,44222,43221,42211,42551|1000000010010000000100100
33331,23331,44111,44415,45555|0010010000000010100000010
11115,11115,42215,44433,44433|0010000001010000001010000
44433,44411,22551,22551,25551|0001001000000011000000100
11111,41111,44431,42335,44555|0010010000000100100000001
34555,34555,33125,33222,33322|0100000001001001000000010
44411,34111,35522,35522,32222|0100000010100000010000001
22441,22441,22111,23511,23551|0010010000000010100000010
22225,11225,11455,14445,11443|0010010000000100100000001
44411,55411,55333,22233,22233|0000100100100000001001000
55551,44411,34111,34122,33322|0010000001010000001010000
11111,15112,15222,34422,33332|0001001000000010010010000
22244,22244,31144,31111,35111|0010000001100000001001000
33112,31152,35552,44422,44422|0010010000000100100000001
44311,44311,55311,55222,55222|0010010000000100100000001
11135,14335,14235,22255,22255|1000000010010000000100100
55422,55444,55544,55144,33111|0001001000000010010010000
44555,44422,44332,14332,11332|0001001000000011000000100
11322,55322,55334,55444,55544|0100000001001001000000010
55233,45233,45231,45231,55231|0010010000000010100000010
43322,44332,44331,55551,55551|0001010000001000000101000
55522,32222,32211,44411,44111|0100000010100000010000001
55533,55533,11113,44211,44222|0000101000000101000000100
55522,55522,11222,13322,13344|0100000010100000010000001
44322,44352,45552,45512,44422|0010000001010000001010000
44332,44322,44222,12222,11552|0001001000000011000000100
33422,33222,55222,55521,55111|0010010000000010100000010
44222,44422,44333,55333,55513|0010010000000010100000010
22433,22433,22443,22211,55511|0010000001010000001010000
22211,23331,25531,55544,55544|0000100100100000001001000
22211,22111,24513,44553,45553|0001001000000011000000100
55555,51111,44311,44333,42222|0000100100100000001001000
11111,33415,34415,22455,22555|0001010000001000000101000
22255,22355,22355,22311,44331|0000100100100000001001000
11112,11132,55532,44552,44555|0000101000000101000000100
11444,11144,53144,53324,55222|0100000010100000010000001
33555,33155,33154,31154,32222|0010010000000010100000010
11155,11555,11552,42222,33322|0001001000000011000000100
33334,53334,55334,22334,22211|0010010000000010100000010
55522,51322,11322,11444,44444|1000000100000010100000010
33455,33442,33222,11122,11122|0000100100100000001001000
11115,14335,14335,44422,42222|0100000001001001000000010
55522,55122,54111,44433,44333|0000100100100000001001000
22355,22355,22355,12333,14444|0100000001001001000000010
44335,44335,44331,24211,22211|0000100100100000001001000
44411,44411,22411,23351,23551|0010000001100000001001000
22255,22235,44335,43335,33155|0100000010100000000100100
44444,54344,53321,53121,11111|0010010000000100100000001
55211,55221,55411,54443,44333|0010010000000010100000010
33111,33311,53312,53322,54422|0000100100100000001001000
33222,53224,53324,53144,51114|0100000010100000010000001
42211,42221,42221,45333,45533|1000000100000010100000010
22224,22244,22144,55133,55133|0100000001001001000000010
44444,43344,23345,23155,22155|0001001000000010010010000
33444,34444,32255,32255,31155|0001010000001000000101000
44455,44455,11113,11223,11223|0001001000000010010010000
21111,22111,22531,55531,54441|0000101000000101000000100
44411,44333,44422,44422,45552|0000100100100000001001000
44444,24444,24445,23355,21115|0010010000000010100000010
44443,44333,11333,22255,22255|0010000001100000001001000
14444,11114,33312,33322,55555|0010010000000010100000010
33335,23355,22555,22244,21444|0010000001100000001001000
11555,15555,11452,11322,33332|0001010000001000000101000
22222,22123,22123,24455,44455|1000000100000010100000010
22222,22322,22445,14455,11115|1000000100000010100000010
55551,55531,55331,22244,22244|0100000001001001000000010
22444,22244,23144,33155,33555|0100000001001001000000010
44422,55222,51112,51111,33111|0010000001100000001001000
33315,33315,33315,22444,22244|0001001000000010010010000
51111,52211,55223,55333,44443|0001001000000011000000100
44433,44433,44422,55522,11522|0001001000000010010010000
55333,55333,11133,24333,24444|0100000001001001000000010
33335,21335,21335,21345,24445|0000101000000101000000100
24443,22243,22211,25511,55111|0010000001010000001010000
33311,33311,55322,55542,54442|0001001000000011000000100
44445,31145,31145,32115,32115|0010010000000010100000010
54122,54112,54222,33332,33322|0100000010100000010000001
33332,33332,11342,11442,11552|0000101000000101000000100
11144,11114,31312,33322,33555|0001001000000011000000100
42255,42115,22315,23315,22255|0010010000000100100000001
55332,55332,11332,11222,11444|1000000010010000000100100
42233,44133,41133,11555,11555|0010010000000100100000001
55333,55331,55431,22441,22111|0001010000001000000101000
52224,55334,55331,55111,55511|0100000001001001000000010
44443,44433,45523,55123,51123|0000101000000101000000100
33344,33344,55114,55524,55524|0100000001001001000000010
45555,44355,42351,42211,22211|0000100100100000001001000
11122,11332,13332,14552,14552|1000000100000010100000010
41113,42133,42133,42533,55533|0001001000000011000000100
33444,33224,22225,22222,22211|0010010000000010100000010
11155,21155,21144,33344,33444|0001010000001000000101000
11113,22133,22553,44553,44555|0010010000000010100000010
33522,33544,33544,11114,11114|0001010000001000000101000
44255,44255,42255,42233,11113|0010000001100000001001000
11555,11553,12233,22433,22433|0001001000000010010010000
41111,44111,45111,45533,45222|1000000010010000000100100
22111,22211,33355,33355,44555|0001001000000010010010000
55555,22543,22553,21153,22253|0100000010100000010000001
44455,44255,43255,41225,11115|0010000001010000001010000
52223,55133,55133,54433,44433|0001010000001000000101000
11555,11155,11143,24443,24443|0001001000000011000000100
44331,44311,55331,55222,55222|0000101000000101000000100
22222,21522,11553,14533,14443|0000100100100000001001000
11222,11122,44422,44423,55533|0001010000001000000101000
55111,55111,41123,44333,43333|0000101000000101000000100
41122,41122,41122,44552,33555|0010000001100000001001000
33311,33311,44412,54412,55442|0001001000000011000000100
22222,21222,11153,44433,44333|0000101000000101000000100
11222,55222,55242,53344,44444|0100000010100000010000001
11112,33322,33444,44444,44554|1000000010010000000100100
55522,55522,43412,43412,44412|0010000001010000001010000
33555,33144,23111,22111,22221|0010000001010000001010000
55333,55333,55531,44221,44221|0001001000000010010010000
44411,44411,53321,55321,33321|0000101000000101000000100
41111,42111,42255,42355,44355|0001001000000010010010000
55511,55511,44443,24233,22233|0001010000001000000101000
45555,44331,42211,22211,22211|0000100100100000001001000
22244,23344,22144,25114,25111|1000000100000010100000010
33335,33555,11555,11445,22445|0010000001010000001010000
33444,33422,33312,55311,55111|0010000001010000001010000
22255,22254,31244,31114,31111|0100000010100000000100100
44333,44333,11132,51122,51122|0100000001001001000000010
51111,54111,54433,55553,55222|0000101000000101000000100
41111,44453,44233,44223,44223|0100000010100000010000001
22544,22544,22233,11333,11333|0010000001010000001010000
55554,55554,55522,35521,33111|0000101000000101000000100
21111,22111,22255,44455,33555|0001001000000010010010000
21155,22455,22455,22233,22233|0100000001001001000000010
22255,22255,22355,44311,44111|0100000001001001000000010
12222,12225,11155,34155,34444|0100000001001001000000010
33222,33222,33335,11335,11144|0010010000000010100000010
11144,11222,11125,33155,33333|0000100100100000001001000
22245,44445,41115,41115,33335|1000000010010000000100100
33311,33311,23311,22224,55544|0100000010100000000100100
11322,11552,11152,44155,44555|0010000001010000001010000
33114,33314,53311,55221,55222|0000101000000101000000100
33333,35544,15522,12222,12222|0100000001001001000000010
33222,33224,31114,33514,33555|1000000010010000000100100
11133,11135,14435,44225,42225|0001001000000010010010000
44333,44433,21113,22113,22555|0000101000000101000000100
33335,23115,23145,23144,44444|0100000001001001000000010
33333,13333,13522,42222,44222|0001010000001000000101000
22244,22224,32224,35111,35511|0000100100100000001001000
14444,11444,11125,33225,33555|0000101000000101000000100
55544,15544,11554,11153,11233|0100000010100000000100100
11222,11224,11224,55534,55534|0010000001100000001001000
33311,33411,22441,24444,55444|0010000001010000001010000
55511,55111,33322,43322,44322|0001001000000011000000100
44411,44451,24453,22553,55553|0001001000000011000000100
11111,44331,44332,52232,52222|0000101000000101000000100
22223,12223,11555,11155,44155|0000100100100000001001000
44555,44433,14233,12232,12222|0000100100100000001001000
15443,15533,11133,21113,21111|0001001000000011000000100
33555,34555,44525,44222,11111|1000000010010000000100100
53322,55322,55122,51114,51114|0100000010100000000100100
22255,21255,21255,11244,13334|1000000010010000000100100
44555,44453,44333,14122,11112|0010000001010000001010000
23334,22314,22354,25554,25555|0100000010100000000100100
11155,32155,32244,34444,33444|0010000001010000001010000
44411,44411,33355,33355,22255|0001001000000010010010000
15555,15555,11333,11444,22222|0001010000001000000101000
22222,13224,33444,33444,33554|0010010000000010100000010
11155,11153,14113,22213,22233|1000000010010000000100100
24444,23444,23114,25544,22544|0000101000000101000000100
33255,33255,42255,44221,44421|1000000010010000000100100
41111,44441,55441,25433,22223|0000100100100000001001000
33455,23455,23444,21114,11144|0100000010100000010000001
43333,45331,45211,22211,22211|1000000010010000000100100
44444,11114,33115,33335,33225|0001001000000011000000100
11444,11442,11222,33222,33555|0001001000000011000000100
11112,55342,53344,55554,55544|0100000001001001000000010
55111,55111,55322,55322,54442|0001010000001000000101000
25555,55555,41155,44433,44433|1000000010010000000100100
11552,11552,11444,14444,33344|0000100100100000001001000
44455,44555,24555,14435,11133|0010000001100000001001000
43333,45555,44115,42122,42222|0100000001001001000000010
11444,55344,53322,53332,22222|0100000010100000010000001
55511,45511,45511,44333,42233|0000100100100000001001000
22244,11554,11555,13333,11133|0100000001001001000000010
22333,22333,11113,44433,45553|0000101000000101000000100
11133,11433,44432,44522,55522|0100000010100000010000001
11111,14111,34121,35522,33522|0000101000000101000000100
44222,44522,45521,33521,33322|1000000100000010100000010
43331,43331,22351,22555,22555|1000000100000010100000010
33333,22553,22551,22411,22111|0100000010100000010000001
44455,44455,44223,11223,11122|0001001000000010010010000
55533,55533,55544,22144,21144|0001001000000010010010000
33333,35111,55555,22255,22554|0100000010100000010000001
11224,11224,11133,51333,55533|0000100100100000001001000
55522,15522,11334,11114,11144|0100000001001001000000010
52233,52233,22213,24113,44413|1000000100000010100000010
22111,24415,23355,23355,33355|0001001000000011000000100
15222,15522,15332,15533,15544|0100000001001001000000010
44422,44452,14555,11355,33355|0000100100100000001001000
52222,52223,51113,55443,55544|0010000001010000001010000
33554,33454,22444,22411,22411|0010010000000010100000010
22111,52111,52222,54433,54333|0010010000000010100000010
44444,33314,53312,55332,55322|0100000010100000000100100
11111,21134,23334,22354,22334|0010000001010000001010000
54441,55541,55541,23341,23341|0000101000000101000000100
44444,33311,53311,53332,55222|0100000010100000010000001
41111,44221,44221,44253,44553|0100000010100000000100100
22554,21554,21151,33111,33333|0000100100100000001001000
22444,14455,11443,11333,11333|0100000001001001000000010
55211,55211,55511,33411,33441|0010010000000010100000010
42222,42222,44555,44311,43311|0001010000001000000101000
44422,44455,11155,11111,33333|0001001000000010010010000
11444,11154,11355,12355,12333|0010010000000010100000010
55533,55533,55144,25114,22211|0001001000000010010010000
45332,44332,44333,44111,41111|0100000001001001000000010
11111,33114,33224,33555,33555|0100000001001001000000010
11125,13555,33355,34445,44444|0001010000001000000101000
14422,14422,14442,11332,55332|0000100100100000001001000
33352,31152,31122,31224,22244|0001010000001000000101000
13333,11133,55133,22244,22444|0000100100100000001001000
55224,55224,55114,55111,33111|0010000001010000001010000
43355,44355,44355,44322,11112|0010000001010000001010000
33311,33314,33114,55224,55222|0100000001001001000000010
33333,44443,55543,11222,11122|0000100100100000001001000
11324,11322,11222,12255,22555|0000100100100000001001000
53311,53441,55441,55211,55211|0100000010100000010000001
13335,11435,14422,14422,14442|0010000001100000001001000
44444,44122,11125,33355,33335|0100000010100000000100100
22211,55511,45541,44443,44333|1000000100000010100000010
33444,35444,35114,25111,25551|0100000001001001000000010
21111,25111,25514,25444,23444|0001010000001000000101000
11555,11355,12355,42355,42222|0100000001001001000000010
22211,22213,52113,54443,54433|0100000010100000000100100
33333,11152,11422,14422,44422|1000000010010000000100100
22222,43333,44331,44435,44455|1000000100000010100000010
33344,33444,33155,33155,22222|0001010000001000000101000
44444,53334,55555,52251,22111|1000000100000010100000010
33334,53444,22444,22244,22221|0010010000000100100000001
41111,43333,43333,43552,44555|0100000010100000000100100
54441,55511,22531,22533,22333|0100000010100000010000001
11444,11444,51333,51112,55112|0001010000001000000101000
51111,51111,55142,53142,22222|0010010000000100100000001
33325,31125,11225,11445,44455|1000000010010000000100100
22211,22511,22544,33554,33554|0001001000000011000000100
55555,55522,51113,44113,44411|1000000010010000000100100
44332,43312,44512,55512,55522|0010010000000100100000001
44222,44222,42213,52113,55133|0001001000000011000000100
55555,33551,33254,32244,32244|0100000001001001000000010
22544,25544,23344,21111,21111|0010000001010000001010000
33111,33114,33114,33154,23554|0010000001010000001010000
33411,33411,35441,35222,32222|0010000001010000001010000
55522,55522,33222,34112,34111|0010000001100000001001000
44445,44445,23355,21333,21113|0000100100100000001001000
11555,11554,11244,31244,31114|0001001000000010010010000
33333,55333,42211,42111,42211|0000101000000101000000100
11443,11333,11311,11112,15552|0001010000001000000101000
22211,22211,25233,55233,54433|0001001000000011000000100
41111,44111,44555,33225,33225|0001001000000010010010000
33322,33322,53324,55144,55144|0001001000000010010010000
11554,11524,22224,33224,33444|0010010000000100100000001
55544,55544,33314,32211,22211|0000100100100000001001000
33222,33522,11522,11544,44444|1000000100000010100000010
55111,55511,55312,53322,54332|0001010000001000000101000
44433,14433,12232,52222,55222|0000100100100000001001000
21115,22255,44555,44533,44433|0010010000000010100000010
41111,41155,41152,43252,43222|0010010000000100100000001
11155,13555,33552,33222,44422|0010000001010000001010000
11444,11155,21155,22255,33555|0001001000000010010010000
11333,11353,11555,25544,24444|0001001000000011000000100
55554,51154,53324,33324,22224|0001001000000011000000100
15333,15533,11133,41112,41222|0100000001001001000000010
11333,21133,22233,52244,54444|0100000001001001000000010
14442,14442,11333,11133,11555|0000101000000101000000100
44411,44113,44443,22553,22553|0001001000000011000000100
22555,25554,33444,33114,11111|1000000010010000000100100
33344,33214,22211,25511,22211|0001001000000010010010000
51112,55112,55112,54412,33422|0001001000000010010010000
33511,35511,35312,33322,44422|0001001000000010010010000
24111,24331,24435,22335,22222|0001001000000010010010000
55511,55511,55544,22344,22444|0001001000000010010010000
41122,44122,42222,32322,33325|0100000010100000010000001
22244,22244,52133,52113,52133|0100000010100000010000001
55511,25511,22511,22533,44333|0010000001010000001010000
22222,32222,33355,31154,11154|0010010000000100100000001
55544,55533,55533,15533,15222|0001001000000011000000100
11223,11333,11135,14115,44115|0010010000000100100000001
33333,44433,44222,55522,11111|0000101000000101000000100
23311,23331,22555,22445,24445|0001001000000010010010000
11122,31112,31152,31144,34444|0000101000000101000000100
11153,21553,21153,21153,44555|0001010000001000000101000
55555,55111,52331,22311,22444|0100000001001001000000010
21113,25553,25553,44443,44433|0100000010100000000100100
55555,45555,45513,22213,22213|0010010000000100100000001
33111,33411,33422,33552,55555|0001010000001000000101000
11222,11122,51133,54443,55444|0000101000000101000000100
22555,22255,33555,33114,33114|1000000010010000000100100
44333,44433,54432,55112,55222|0001001000000010010010000
21333,21333,22225,44455,44455|0100000010100000000100100
22444,55444,55444,55311,55111|0100000010100000010000001
22245,22555,22555,33311,31111|0001001000000011000000100
44441,44411,53332,55552,55552|1000000010010000000100100
11335,11355,13355,44455,42225|0001001000000011000000100
52222,53322,53441,54411,55511|0001001000000010010010000
55544,35444,33344,23224,22211|0100000001001001000000010
22115,22115,22235,44333,44333|0000100100100000001001000
23355,23555,22445,22445,22211|0100000001001001000000010
11333,11333,11225,14555,44555|0001010000001000000101000
23333,22233,55411,55411,55411|0001010000001000000101000
44444,55522,15522,11222,33222|0000100100100000001001000
52244,55244,55114,55113,55533|0100000001001001000000010
52111,22221,44441,43331,33331|1000000010010000000100100
22133,44153,44453,44555,45555|1000000100000010100000010
12244,12444,12555,12255,13333|0010000001100000001001000
44443,44443,55113,51113,22333|0010000001010000001010000
55544,55544,22344,21333,11333|0010000001010000001010000
44444,54444,53224,53211,33211|0001010000001000000101000
55222,54222,44222,41111,11113|0100000010100000010000001
23335,24355,24555,22511,22211|0010000001010000001010000
22244,24444,22155,33155,33155|0100000001001001000000010
55553,55333,44113,44113,44223|0000101000000101000000100
55444,53344,53342,53222,55511|0010010000000010100000010
11155,15555,13334,12344,11334|1000000100000010100000010
33355,33355,11344,11224,11124|0001001000000010010010000
33322,33333,55441,55441,55511|0001001000000010010010000
33444,33544,23555,22511,22511|0100000010100000000100100
22555,22225,12224,11444,11333|0001001000000011000000100
33311,35551,35551,32544,44444|1000000100000010100000010
55111,55111,55421,54423,54423|0010010000000100100000001
23333,23443,24445,22115,22115|0100000010100000000100100
44333,44533,45553,44213,22211|0000100100100000001001000
44333,44533,45553,44213,22211|0000100100100000001001000
11222,11222,53333,55333,55444|0100000010100000000100100
11111,31114,33114,22144,22555|0010010000000010100000010
45531,45531,42221,22211,22211|0100000010100000000100100
15555,14555,24553,22233,22233|1000000010010000000100100
55111,55531,52433,52333,22233|0001010000001000000101000
44455,44455,44422,34222,31112|0001001000000011000000100
53344,53332,53122,53122,55112|0001001000000010010010000
11144,12244,55544,55543,55533|1000000100000010100000010
33222,33122,33114,33144,55444|0001001000000010010010000
24443,24443,24433,11455,15555|1000000100000010100000010
34442,34442,33333,33555,11111|0000100100100000001001000
22555,22253,22233,24431,44411|0010010000000010100000010
55444,15524,11114,33334,33333|1000000010010000000100100
55533,55553,45223,55222,51111|0000100100100000001001000
55555,11155,31222,31244,33244|0001010000001000000101000
55544,55444,55244,12233,12333|0100000001001001000000010
22333,52333,55411,55411,55111|0100000001001001000000010
33355,33355,33145,31144,22224|0001010000001000000101000
44433,44333,55551,22511,22111|0000101000000101000000100
25343,25343,55333,11333,11113|1000000010010000000100100
33331,33311,22311,44355,44355|0000100100100000001001000
15555,14455,11445,21133,22333|0000100100100000001001000
44555,44522,11532,11133,13333|0100000001001001000000010
21344,21334,21133,22233,22555|0001001000000011000000100
55544,55144,33144,33322,33322|1000000100000010100000010
33444,53344,51332,51112,55522|1000000010010000000100100
22233,22134,22114,55144,55544|0001010000001000000101000
33322,53322,55544,55544,51144|0000100100100000001001000
13335,11335,11255,14255,44255|0001010000001000000101000
31111,31111,55522,44422,44444|1000000010010000000100100
43333,43311,44411,44451,42551|0010000001100000001001000
11133,22233,44333,44455,44455|1000000100000010100000010
32224,32224,32144,11144,55554|1000000100000010100000010
55555,55533,11134,11144,12244|0010000001100000001001000
11444,11444,31255,32255,32555|0100000010100000010000001
44455,44455,22311,23311,22331|0001001000000011000000100
35555,35544,31142,31112,31112|0100000010100000000100100
34444,33324,11322,11335,11335|0100000010100000000100100
32222,35442,55411,55451,55555|0001010000001000000101000
22222,22411,22441,55333,55533|0100000001001001000000010
55222,55233,44113,44413,44413|0001010000001000000101000
55555,33552,33522,13342,11342|0010000001010000001010000
22233,22233,24335,11555,11155|0010000001010000001010000
55114,55544,52222,53222,33333|0010000001100000001001000
55144,51134,22234,22434,22444|0010010000000100100000001
33444,33344,33354,21154,11155|0000101000000101000000100
51111,51144,53144,33222,33222|1000000100000010100000010
44411,44411,33311,33211,33225|0100000010100000010000001
55114,55114,33211,32211,22211|0000101000000101000000100
11144,33145,33345,33325,32222|1000000010010000000100100
22555,22515,23311,23311,33344|0010010000000010100000010
33222,33211,33311,44455,44455|0010000001010000001010000
44443,44443,44455,22551,22111|0000101000000101000000100
11144,22144,22115,22555,22553|0100000010100000010000001
11133,11133,45522,45222,55222|0000100100100000001001000
44444,22444,22455,23335,33311|0010010000000010100000010
44445,44445,11125,31125,31122|0000101000000101000000100
33335,23355,22335,11155,11144|0010010000000010100000010
44222,45233,55233,53331,51111|0100000001001001000000010
33344,13344,13334,53322,55222|0001010000001000000101000
32211,33315,33315,44311,44411|0100000001001001000000010
33311,33321,55521,44551,44551|0000101000000101000000100
11444,21444,21333,25535,55555|0100000001001001000000010
52333,52223,52244,55221,11111|0000101000000101000000100
55522,55322,55111,55111,44111|0000100100100000001001000
11433,11433,12453,22453,22253|0010010000000100100000001
55124,55144,55144,33344,33344|0001010000001000000101000
44444,14344,11344,11354,22224|0000100100100000001001000
33331,33331,22111,44555,44555|0000100100100000001001000
33444,33144,31142,55522,55522|0000100100100000001001000
55544,11544,11444,22223,22222|0100000010100000000100100
22311,42331,44331,54331,55511|1000000010010000000100100
33222,32222,35224,55244,55511|1000000100000010100000010
33211,33255,33355,44455,44444|0000100100100000001001000
31114,33344,35444,55424,55522|0010000001100000001001000
22244,22333,11113,11115,15555|0001001000000011000000100
11111,51433,51443,51522,55522|0100000001001001000000010
22311,23311,23331,25511,55544|1000000100000010100000010
44444,33444,55422,55422,55122|0000101000000101000000100
11111,11115,44415,33255,33222|0100000001001001000000010
55543,54443,14433,11222,11222|0100000001001001000000010
44444,44445,43335,42211,22221|0010000001010000001010000
54444,55444,55522,11332,13332|0000101000000101000000100
44444,32244,33344,33554,11554|0000100100100000001001000
33555,33335,11455,11422,11442|0001010000001000000101000
11111,11255,22225,33444,33344|0100000010100000000100100
35555,33445,33244,12244,11244|0001001000000011000000100
55511,55441,53441,22441,22222|0010000001010000001010000
54444,55444,25443,22111,11111|0001001000000011000000100
44442,45222,45222,33333,11133|0001001000000010010010000
13333,14444,11155,22155,22155|0100000001001001000000010
11111,44415,44445,22355,22355|0001001000000010010010000
11111,11444,21444,22445,33355|0100000010100000000100100
11422,11222,13322,33325,33325|0010010000000100100000001
11555,11555,11422,31422,31444|0000101000000101000000100
33555,33355,11144,24444,24444|0100000001001001000000010
22222,55552,55155,33444,33444|0001010000001000000101000
24455,24455,24455,33411,33411|1000000100000010100000010
55222,51133,11133,11443,44443|0010010000000010100000010
54433,55443,25553,25113,22213|0010000001010000001010000
33311,33311,44111,44511,44522|0100000010100000010000001
44455,42435,44435,41135,11111|0000101000000101000000100
11333,51124,11124,11224,11444|0010010000000100100000001
44225,42255,42155,11155,33355|0001010000001000000101000
11113,11133,11143,55543,22222|0000101000000101000000100
13344,11324,13324,55324,55224|1000000100000010100000010
11155,24445,22555,22553,23333|1000000100000010100000010
11144,11144,11333,51232,55222|0100000001001001000000010
55111,52211,52211,33441,33441|1000000100000010100000010
42225,42225,44335,14355,11333|0001010000001000000101000
55111,55111,33144,33322,33322|0010010000000100100000001
55333,52233,52241,52441,55555|0001001000000010010010000
44555,45555,43355,22155,21111|0100000001001001000000010
22221,22311,22314,55344,55544|0000100100100000001001000
22224,32244,33544,33331,33311|0100000001001001000000010
44433,14433,12423,12225,11555|0000101000000101000000100
22334,22444,54444,55511,55511|0010010000000010100000010
44442,45551,45551,45111,33333|0000100100100000001001000
33344,32444,12225,11225,11225|1000000100000010100000010
42222,42222,11122,33355,33355|1000000010010000000100100
44422,44422,34452,33551,33511|0100000010100000000100100
22333,22244,52144,51114,51144|0010000001010000001010000
22244,22244,11144,51134,55534|0010000001010000001010000
55533,55551,22441,22441,22241|0001001000000010010010000
22333,22111,22111,22455,44455|0010000001010000001010000
22444,22244,33314,51114,55114|0000100100100000001001000
22222,23322,33334,51144,55144|0001001000000010010010000
11222,11122,44452,33452,33452|0000101000000101000000100
21111,21511,23511,23544,22544|1000000010010000000100100
13333,11533,15553,44223,44223|1000000100000010100000010
55524,55324,13324,11333,11111|0001001000000010010010000
11113,11133,14333,44552,44552|1000000010010000000100100
43333,44333,42333,55555,55111|1000000010010000000100100
55522,44522,44111,34331,33331|1000000010010000000100100
33344,23334,22331,22551,22251|0001001000000010010010000
45555,42211,42233,42233,44433|0100000010100000010000001
22224,53444,53444,53111,33111|0010010000000010100000010
35555,32555,32211,44411,44111|0001010000001000000101000
33311,44411,42211,22115,22555|1000000100000010100000010
55533,54333,53331,55111,55222|0001001000000011000000100
33355,33255,33315,44414,44444|0000100100100000001001000
22231,22211,42551,44544,44444|0001001000000010010010000
14444,14422,15532,13332,13332|0010000001010000001010000
44441,44211,55511,55333,55533|1000000100000010100000010
13332,11322,11442,11442,55444|0010000001010000001010000
11111,41152,33552,33522,33555|0010010000000010100000010
55111,55511,44333,43322,44222|0001010000001000000101000
22444,22544,22554,11334,11133|0000100100100000001001000
44455,44455,22455,22335,22221|0100000010100000010000001
55111,55221,35522,33522,44422|0001001000000011000000100
14443,14433,14255,12255,11255|0000101000000101000000100
11144,11444,21444,25544,55533|0100000010100000010000001
55444,54444,53311,53322,55322|0010010000000100100000001
52222,54222,54331,44331,44333|1000000100000010100000010
22144,25144,25133,55133,11133|1000000010010000000100100
22233,12253,11555,41555,44555|0000100100100000001001000
11122,11122,44442,33555,33555|0100000001001001000000010
33112,33112,31112,31442,35555|0000100100100000001001000
22255,22255,11444,11444,11333|0001001000000011000000100
33445,33445,22445,22211,11111|0000101000000101000000100
22244,22334,52333,51333,51133|0010000001100000001001000
11222,11222,31522,31444,11444|0100000001001001000000010
11122,14122,44153,44553,44553|1000000010010000000100100
11144,11144,31442,31155,31555|0001001000000011000000100
55533,11533,44223,44223,44443|0010010000000100100000001
11443,11143,55133,55133,52233|0001001000000011000000100
55554,25554,22114,22224,22233|0100000001001001000000010
33111,43221,45221,45524,44444|1000000100000010100000010
33334,55344,55331,55221,55211|0100000010100000010000001
22155,22155,21155,31144,33114|0000100100100000001001000
11155,11553,11443,22443,22222|0001001000000010010010000
44441,45111,55112,53122,53322|0010000001100000001001000
21111,22511,22533,44443,44333|0001010000001000000101000
11144,11144,25544,22534,22533|0010000001010000001010000
55555,55551,44221,34221,34222|0010000001010000001010000
44444,44453,25553,22211,22211|0010000001010000001010000
53333,53344,55244,52222,12222|0010000001010000001010000
55555,33555,34441,33441,22221|0001001000000010010010000
54444,54444,52433,51133,51133|1000000010010000000100100
11144,11124,22224,33555,33555|0000101000000101000000100
33444,33344,55332,55522,55512|0010010000000010100000010
41333,41113,41533,45533,42222|0100000001001001000000010
44433,22433,22443,21143,21155|0010010000000010100000010
22133,22443,22444,55544,55554|0010000001100000001001000