22215,33215,43111,44411,44411|0010000001010000001010000
55511,55521,44521,44331,43333|0100000010100000000100100
45553,45233,15233,15553,11533|0001010000001000000101000
21555,21555,24445,34433,33333|0100000010100000010000001
54444,54444,54411,52211,55233|1000000100000010100000010
11122,11122,33344,35544,55544|0001010000001000000101000
55112,51142,11442,11133,11133|0100000001001001000000010
55544,12224,12244,22244,33344|0100000010100000000100100
22555,22555,22111,33141,33341|0100000001001001000000010
22225,21555,45533,44533,44443|0001001000000010010010000
33334,31554,31544,32544,22222|0001001000000010010010000
44552,44552,44442,43312,43222|0010000001100000001001000
22111,22211,22255,22333,44433|0001001000000010010010000
55551,55511,44411,44422,33332|0010000001010000001010000
22244,22244,23315,21115,21115|1000000010010000000100100
44444,43344,13354,12355,22255|0000100100100000001001000
22245,22245,34445,33315,33311|0010000001010000001010000
11133,12333,22533,22555,45555|0010000001010000001010000
55555,11455,12455,12443,22443|0001010000001000000101000
11111,11333,25533,22244,22244|0010000001010000001010000
55221,55221,55421,53411,53441|0010010000000010100000010
33221,53211,53411,54411,55511|0001001000000010010010000
51111,55111,53333,52233,44333|0001001000000010010010000
55111,55511,55444,55223,52223|0001010000001000000101000
22233,22233,42233,45511,44511|0100000010100000010000001
55522,55522,44444,11144,11113|0100000010100000010000001
55111,55551,55333,22343,22244|0010010000000010100000010
14433,14333,11222,11225,11225|0100000010100000000100100
51111,54441,55444,53444,53222|0010010000000010100000010
44555,44555,22222,11123,11113|1000000010010000000100100
33122,33222,33322,44552,44555|0010010000000010100000010
44422,43452,13155,11155,11155|0010000001010000001010000
55522,55222,34211,33211,33111|0010000001010000001010000
55552,44422,44322,44333,11133|0010000001010000001010000
11225,14225,44455,44455,33335|1000000100000010100000010
11144,33344,33322,33322,55552|1000000010010000000100100
53333,53423,13223,11223,11223|1000000100000010100000010
44455,44455,11455,13442,13322|0100000010100000000100100
22333,25533,25554,22554,21114|0001010000001000000101000
55555,33551,44211,42211,22211|0000101000000101000000100
44111,41113,42133,42253,42553|0010000001010000001010000
55322,55322,11322,11322,11444|0010010000000010100000010
55522,55522,44111,44311,44333|0001001000000010010010000
44422,44411,53311,55311,55511|0001010000001000000101000
55333,55333,22444,24444,21111|0100000010100000000100100
33555,33555,31115,21114,22224|0001010000001000000101000
11111,55114,55244,33244,33334|0001010000001000000101000
11555,11255,33244,33244,33244|1000000010010000000100100
33311,33331,53421,55421,55222|0100000001001001000000010
42222,44223,44423,44111,55511|0010000001010000001010000
55511,44512,44522,33332,33332|0001010000001000000101000
22333,22443,22455,14445,14444|0000101000000101000000100
44111,44111,45533,44333,44222|1000000010010000000100100
54222,54422,54311,54311,44331|0001010000001000000101000
51114,51144,55542,55532,53333|0100000010100000000100100
55333,55411,55444,25444,24444|0010000001010000001010000
21113,22213,22213,55513,44111|0001001000000010010010000
44531,42531,22551,22511,25511|1000000010010000000100100
44333,44555,22555,22155,22111|0010010000000010100000010
41115,41155,41555,42555,43335|1000000100000010100000010
22444,22445,22555,11555,15533|0010010000000010100000010
33411,33415,34455,44422,22222|0001001000000010010010000
44222,34222,34422,11525,11555|0001010000001000000101000
44555,44233,42223,12333,12233|0001001000000011000000100
41113,43333,44223,45225,45555|0100000001001001000000010
33322,33322,33352,11354,11444|0000101000000101000000100
55553,51113,53333,33334,22222|1000000010010000000100100
33341,33441,23551,22221,22211|0001010000001000000101000
22111,22211,44311,44315,44355|0001010000001000000101000
23333,23331,44311,44511,55511|1000000010010000000100100
42211,42311,42315,44555,45555|0100000001001001000000010
55444,55544,22211,32311,33311|0100000010100000010000001
22222,12232,11332,11444,15444|0001010000001000000101000
33444,33342,35555,33511,35511|0010000001010000001010000
11115,11115,33315,22214,22244|0100000001001001000000010
11115,22555,24455,24433,22433|0100000010100000000100100
53334,55324,55224,55444,55111|0100000010100000000100100
55551,53351,33322,44324,44444|0010000001100000001001000
44444,44111,44133,55533,52222|1000000100000010100000010
33311,33411,44441,22251,55555|0100000001001001000000010
33444,33444,11122,11122,55522|0001001000000010010010000
55544,55534,55334,22224,22114|0000101000000101000000100
33222,33255,33255,44111,44411|0010000001010000001010000
45443,44443,44133,44112,44122|0100000001001001000000010
12222,12555,44455,44433,44333|0010010000000010100000010
11115,12115,12555,42433,44433|0010000001010000001010000
33333,33331,22431,55441,55511|0010000001100000001001000
22333,22333,11533,11554,11544|1000000010010000000100100
55511,55511,55322,33344,33444|0000101000000101000000100
33344,33224,13324,11554,55554|0100000010100000000100100
55511,55221,55421,33411,33411|0000101000000101000000100
11144,21144,21144,55533,55533|0001010000001000000101000
34442,34442,33322,31112,11155|1000000100000010100000010
35544,35544,35544,31122,33122|1000000100000010100000010
55522,51223,51443,44443,44443|1000000010010000000100100
44335,44335,44335,11355,11222|0000101000000101000000100
33444,24444,22211,22251,22255|1000000100000010100000010
44433,42233,42233,55231,51111|0100000001001001000000010
13322,13222,13224,33554,33555|1000000100000010100000010
25511,25511,22431,22431,22433|0100000001001001000000010
44433,45533,42233,12222,11222|0000100100100000001001000
44433,54443,52233,22233,22111|0010010000000010100000010
35555,33355,44355,44115,22115|0000100100100000001001000
22333,52333,52444,55444,51114|0100000010100000000100100
12244,12444,44444,55554,33334|0010010000000010100000010
42222,42222,45552,43111,43111|0010010000000100100000001
12244,12344,11355,11155,15555|0100000001001001000000010
55555,22253,22453,22443,11443|0010000001010000001010000
33344,33344,13222,15555,15555|0100000001001001000000010
44433,11153,11553,22553,22553|1000000100000010100000010
11133,41133,44553,44552,44552|1000000010010000000100100
22553,22233,22411,44411,44111|0010000001010000001010000
55122,53122,53111,55114,55144|1000000010010000000100100
51144,55554,22534,22333,23333|0100000001001001000000010
22221,52111,55143,55443,55443|1000000100000010100000010
35551,33511,32111,32222,33244|0010010000000010100000010
33333,31133,55422,55444,55444|0000101000000101000000100
11455,14445,11445,11433,22233|0010000001010000001010000
55333,55553,11222,14222,14444|0000100100100000001001000
54444,55513,51111,52211,52211|0010000001100000001001000
11122,11122,44322,44352,44352|0100000001001001000000010
11443,11143,15223,55553,55533|0001010000001000000101000
55533,55333,53322,33442,11422|0001001000000010010010000
11111,11144,53344,53342,55522|1000000010010000000100100
33555,33555,55515,22255,22244|0010010000000100100000001
44441,44331,24331,22531,25531|0100000010100000010000001
45555,44555,11553,12333,22222|1000000010010000000100100
11122,51124,51114,55544,55333|0001001000000011000000100
11111,11114,31544,32244,33224|0100000001001001000000010
13333,11223,15555,15444,15444|0000100100100000001001000
55555,11114,13144,13124,13222|0010000001010000001010000
22222,22142,21142,11143,11553|1000000010010000000100100
24444,24543,21553,55553,55533|1000000010010000000100100
22111,22113,22253,44255,44455|0010000001010000001010000
11555,11555,11552,34422,33322|0001001000000010010010000
11145,11145,13345,22225,22255|1000000010010000000100100
33311,53311,55112,51112,11442|0001001000000011000000100
21111,21114,22144,55533,55533|0010000001100000001001000
33322,33332,11122,14455,44555|0000100100100000001001000
54444,55244,32221,33111,31111|0010010000000100100000001
44222,54122,51122,11133,11133|0100000010100000000100100
33355,33355,33311,34211,44222|0001001000000010010010000
15554,15544,22234,22334,22333|1000000100000010100000010
11111,11332,54332,54332,54422|0010000001100000001001000
55344,51334,51334,55522,55522|0010000001010000001010000
55555,11115,11412,33332,33322|0001010000001000000101000
11122,22225,33255,44255,44455|0100000010100000000100100
22211,22211,25444,55334,55333|0001001000000010010010000
22155,21115,21155,44133,44133|1000000100000010100000010
55333,45511,45551,44421,44444|0010000001010000001010000
33222,33522,33114,43114,44444|0000100100100000001001000
43322,44333,44335,44115,11111|0001010000001000000101000
22111,22311,55311,45333,44443|0100000010100000000100100
33311,44421,44221,55511,55511|1000000010010000000100100
22255,22255,21115,23444,33333|0010000001010000001010000
33222,33555,11145,11145,11145|0010010000000100100000001
33333,12334,11554,15554,55544|0001001000000011000000100
55555,45522,44422,34411,33311|0010000001010000001010000
11133,51223,54424,55444,55444|0000101000000101000000100
33333,23335,22225,42555,44115|0100000001001001000000010
55222,55221,55221,35244,35244|0100000001001001000000010
33144,33344,33322,53522,55522|0010000001010000001010000
44433,24433,21553,21153,11333|0010010000000100100000001
11144,12224,55544,55333,55533|1000000100000010100000010
55511,55551,33321,44321,44311|0000101000000101000000100
11433,11433,11455,11552,15522|0001010000001000000101000
22233,22233,44553,44555,41115|0000100100100000001001000
33225,33225,33325,41111,11111|0000101000000101000000100
44455,14425,14225,12233,22223|0000100100100000001001000
42222,44211,44233,55233,55533|0100000010100000000100100
33322,33311,31114,55554,55554|0001010000001000000101000
55544,55544,33554,22221,22222|0100000010100000000100100
44222,12222,11223,22253,55553|1000000010010000000100100
55555,55544,35144,33114,22244|0010000001100000001001000
44411,44112,43122,43225,43355|1000000100000010100000010
44411,44441,52241,55243,55533|0001010000001000000101000
44444,33544,33512,35522,33332|0010010000000100100000001
44333,22333,22211,22551,22511|1000000010010000000100100
15533,15533,11114,22244,22244|0000100100100000001001000
44333,44333,44235,11235,11255|0100000001001001000000010
44433,44333,44523,11522,11222|0100000001001001000000010
11422,11442,13422,53452,55555|1000000010010000000100100
22224,22244,25441,25551,23351|1000000010010000000100100
44155,44155,44555,22355,22335|0010010000000010100000010
11444,31144,33324,55222,55522|1000000010010000000100100
44433,44453,44553,44222,11112|0001010000001000000101000
33335,33115,11115,22445,24444|0000101000000101000000100
55222,55111,55511,53514,53314|0010010000000100100000001
22444,22244,22255,33355,11155|0001001000000010010010000
55552,55532,53332,11332,11444|0000101000000101000000100
55524,55544,15334,11334,11334|0001001000000011000000100
22444,22444,25511,55511,33311|0001001000000010010010000
11222,14422,55442,55532,55333|1000000100000010100000010
44455,44435,14332,14332,11332|0001001000000011000000100
22233,22333,22444,25114,55514|0001001000000010010010000
34155,33155,33122,33222,33222|0100000001001001000000010
55551,55551,22251,33254,33244|0100000001001001000000010
44441,44111,22331,22555,25555|0100000001001001000000010
11111,21144,23344,33554,33554|0010010000000010100000010
22225,22125,21134,11134,11444|0000101000000101000000100
11222,11123,44423,44555,44555|0010010000000010100000010
22222,55552,55452,11433,11133|0001010000001000000101000
35522,35522,44422,44441,44111|1000000100000010100000010
44444,42244,22231,22531,33333|0001001000000010010010000
13333,11333,11153,41255,41255|0000101000000101000000100
55522,55522,35222,33114,11144|0100000010100000000100100
11445,11445,11455,33222,33322|0000100100100000001001000
44333,43331,44211,22211,22255|1000000100000010100000010
34444,35541,32211,32211,22221|0001001000000011000000100
33344,33344,33114,22115,22555|0100000001001001000000010
41111,44555,33555,33255,22255|0001001000000011000000100
22244,12245,11555,11555,11533|0100000010100000010000001
22255,22245,33445,33111,33111|0001010000001000000101000
33522,33524,33114,31144,31111|0000100100100000001001000
44222,44222,41335,11155,11155|0100000001001001000000010
11555,11225,11233,11333,14444|0000100100100000001001000
33314,33314,55344,55544,52224|0001001000000011000000100
22222,21245,22445,33445,33455|0001001000000011000000100
11444,11444,55244,55223,55522|0001010000001000000101000
44222,44222,55552,55551,55331|1000000010010000000100100
12222,11122,11333,11455,14455|0001010000001000000101000
41113,41133,41333,55332,55222|1000000100000010100000010
33444,33324,33222,11222,11555|0001001000000011000000100
11115,11115,33422,34422,34444|0000101000000101000000100
11355,11355,11345,11442,44422|0001010000001000000101000
54444,55511,55512,35512,55522|0100000001001001000000010
15533,11533,11432,44422,44222|0100000010100000010000001
33444,32244,32244,31155,11111|0000100100100000001001000
33115,33115,33311,44442,22222|0000101000000101000000100
22155,21155,33455,33445,33444|0010010000000010100000010
15553,11553,11113,14233,12223|0010010000000010100000010
11552,11552,15552,34422,33422|0000101000000101000000100
53333,53113,53112,52222,44422|0000100100100000001001000
22444,22445,22445,33445,33315|0100000001001001000000010
25551,25551,55441,53411,53411|0010010000000100100000001
33455,34445,33444,34421,32221|0001010000001000000101000
43311,45331,45522,45522,55522|0000100100100000001001000
44422,34455,33555,31155,11111|0001001000000011000000100
44111,44413,45113,55333,55322|0100000001001001000000010
11444,11455,31155,33225,22222|0001001000000011000000100
22233,22235,42335,44435,11115|0001001000000010010010000
55551,55521,55521,35521,33444|0000101000000101000000100
55311,33311,33341,22344,22244|1000000010010000000100100
42222,42222,44133,11155,11155|0010010000000100100000001
22222,22221,44411,54433,55555|0010000001100000001001000
55555,55553,11113,22114,21144|0100000001001001000000010
33333,22333,21114,25514,25554|0001010000001000000101000
11332,11432,11422,55442,55442|0010010000000010100000010
33333,33335,22255,24411,44411|0010000001100000001001000
55333,55533,44233,44211,44111|0001010000001000000101000
55111,55221,55221,54311,55331|1000000100000010100000010
11144,11444,15555,13225,13325|1000000100000010100000010
14433,11433,11433,22455,44455|1000000100000010100000010
24455,24455,22333,11333,13333|0010000001010000001010000
35222,35222,35522,35114,33444|0100000010100000010000001
11244,11244,51133,51133,55333|0010000001010000001010000
11115,11115,31455,34445,22445|0000100100100000001001000
44411,54411,53111,53221,55522|0010000001010000001010000
33333,33115,44155,44255,42255|0000100100100000001001000
22431,24431,22431,22251,55555|0001001000000010010010000
55555,33555,33114,31124,32224|0010010000000010100000010
22333,22211,22211,55114,55544|0010010000000010100000010
33344,33344,33554,11155,11225|0000101000000101000000100
22222,22221,33311,33441,35551|0010000001100000001001000
44411,44421,44222,44335,33335|0001010000001000000101000
33441,22441,52211,55211,55211|0100000010100000010000001
44222,44222,44435,11135,13335|0001001000000011000000100
44444,44445,43445,11222,12222|0010000001010000001010000
55554,55554,55334,11334,11244|0000101000000101000000100
22255,44255,41111,43331,33331|0100000010100000000100100
31144,31155,21155,22555,22222|0001010000001000000101000
43311,44315,44315,42225,22222|0001010000001000000101000
44333,43325,42225,42211,44111|0010000001010000001010000
11111,11533,15523,55524,52224|1000000010010000000100100
35555,33355,23355,23344,21114|0000100100100000001001000
44333,44333,44533,11522,11122|0001010000001000000101000
55533,55533,51553,51422,11422|1000000010010000000100100
55555,54555,44411,33211,22222|0000101000000101000000100
55555,11555,32224,32344,33344|0001010000001000000101000
22222,12255,12255,34445,33444|0010000001100000001001000
44111,44331,44431,55522,55222|0000100100100000001001000
31122,33123,33333,35544,55544|0100000010100000000100100
22244,22244,52444,51334,51134|0010000001100000001001000
44442,54332,55322,55221,55511|1000000100000010100000010
11444,11422,55422,55522,55322|0001001000000011000000100
33311,33321,22221,55544,55544|0001010000001000000101000
34445,33555,33555,23555,21115|0001001000000011000000100
33333,33352,55552,41112,44411|0100000001001001000000010
22111,22211,22213,45533,44533|0001001000000011000000100
32225,33225,33355,33455,11444|0001001000000010010010000
55555,35541,32441,32241,33441|0010000001010000001010000
43355,43555,43115,22115,22115|0010010000000100100000001
21111,22311,23331,22455,22455|1000000010010000000100100
11155,22555,32254,33224,33334|1000000010010000000100100
11144,11144,15544,33544,33322|0100000001001001000000010
22355,22355,11335,14444,44444|0100000001001001000000010
44455,45555,23551,23351,23311|0100000010100000000100100
11333,45533,44223,44223,42222|1000000100000010100000010
11555,11555,11254,33224,33344|0001010000001000000101000
11222,11222,34422,44452,44555|0100000010100000010000001
33122,33122,44112,44115,44455|0001010000001000000101000
22555,21544,22443,22443,24433|0001001000000011000000100
12222,12225,11255,31445,33444|0010000001010000001010000
55333,55333,22241,22241,22244|1000000100000010100000010
15524,11224,11244,11233,11333|0100000001001001000000010
44441,44441,55421,55321,55321|0000101000000101000000100
33311,23331,22355,44355,44355|0001010000001000000101000
11322,11322,51442,55544,55554|0010000001010000001010000
11155,15555,22444,23344,23344|1000000010010000000100100
44442,31152,31152,33112,33332|1000000010010000000100100
55322,55322,53332,13333,13444|0000101000000101000000100
22222,22224,33554,33555,33511|0100000001001001000000010
33333,43331,43211,33511,35511|0001010000001000000101000
11333,11133,11134,22534,25555|0001001000000011000000100
55111,51112,54442,55552,33322|0010000001010000001010000
54443,55333,55532,11132,11122|0100000010100000000100100
44422,44222,44252,33351,33111|0000101000000101000000100
55555,55333,11133,11422,11422|0100000010100000010000001
55111,55133,55133,54423,44422|0010000001010000001010000
55332,55332,53322,14422,14422|0001001000000011000000100
44555,44152,41132,44133,43333|0010000001010000001010000
22111,42111,43115,43355,33355|0100000010100000000100100
55552,54552,34422,34121,33111|0001001000000011000000100
55444,55114,55144,33144,33222|1000000100000010100000010
44444,43322,33152,33155,33115|0100000010100000010000001
33211,33211,44251,44451,44551|0010010000000100100000001
33355,21155,22115,22115,44455|0010000001010000001010000
55555,51122,53122,33442,33422|0001001000000010010010000
44225,44225,14225,14333,14333|0000100100100000001001000
44322,43322,43311,45511,45511|0001001000000010010010000
22222,22221,23311,43355,44455|0010000001010000001010000
25544,22544,11144,11133,11333|1000000100000010100000010
33333,33433,14422,14422,55222|0000100100100000001001000
44112,41112,31112,35552,55552|0100000010100000000100100
11445,14455,34355,33355,22222|1000000100000010100000010
22244,22244,11335,11135,11115|0001010000001000000101000
11115,24445,23335,22333,22333|0001001000000011000000100
44555,33555,33355,31115,31122|0100000010100000010000001
33344,33344,21144,21154,55554|0100000001001001000000010
11155,11335,11335,44455,44222|0000101000000101000000100
11112,34222,34422,33455,33455|0100000010100000000100100
55444,55444,35444,35222,31122|0100000010100000000100100
33333,33331,44431,22211,55551|0100000001001001000000010
22111,22511,33511,33511,33544|1000000100000010100000010
14444,11444,11252,32222,33333|0010010000000100100000001
22155,21155,21155,44555,44433|1000000100000010100000010
11122,11122,55522,53334,33334|0100000010100000000100100
51333,51111,41111,44422,44442|0001010000001000000101000
22111,22241,55544,55553,55553|0010010000000100100000001
44111,44433,44433,45522,55522|0010000001010000001010000
22444,25444,22243,22213,22111|0001001000000011000000100
55553,55533,12233,14443,14433|0010000001010000001010000
33332,33133,45113,45113,45553|0000101000000101000000100
44422,44122,35155,35555,35555|0100000001001001000000010
54442,55522,55522,11533,11333|0100000001001001000000010
51133,51333,55333,43322,44422|0100000010100000000100100
14444,15444,15332,11232,11222|0000101000000101000000100
11125,11155,33355,33355,44445|0001001000000010010010000
11155,11135,11335,22225,44422|0000101000000101000000100
44444,54411,54411,54443,22233|0100000010100000000100100
22211,22211,33211,33255,44445|0000100100100000001001000
11144,11144,11124,31524,33524|0000101000000101000000100
33222,32221,35551,33551,44511|0010000001100000001001000
11335,11355,14445,44445,44422|0010010000000010100000010
33555,33552,33542,11522,11122|0010010000000100100000001
44533,45533,55522,11122,11122|1000000010010000000100100
33111,33311,24331,24555,24555|0000100100100000001001000
55555,22555,22213,21113,22243|0010010000000010100000010
23333,23333,33313,55414,55444|0010010000000100100000001
45552,15522,15522,15533,11133|1000000010010000000100100
25555,25133,21134,21444,44444|0100000001001001000000010
44221,44331,45533,45333,44333|0010000001010000001010000
23333,22333,52211,55114,55544|1000000100000010100000010
11333,41133,44133,22225,22225|0001010000001000000101000
11111,13311,23311,23344,55544|0000100100100000001001000
21111,22551,22555,22433,22433|0100000010100000010000001
22444,22241,22233,52233,55223|0010000001010000001010000
22413,22413,55513,55553,55553|0010010000000100100000001
33444,33444,35111,55111,55211|1000000010010000000100100
55222,15522,15522,15433,11444|0100000010100000000100100
45555,44555,24333,21133,21133|0000101000000101000000100
44133,44113,44513,25511,22211|0100000001001001000000010
22555,22555,22533,44533,44111|0000101000000101000000100
22111,22155,32154,33444,33444|0010000001010000001010000
33222,33322,13422,11455,11455|0001010000001000000101000
33332,55442,55441,55111,51111|0100000001001001000000010
13333,13333,11144,55442,55222|1000000100000010100000010
11111,33211,33225,33255,34445|0000100100100000001001000
55554,22244,11222,11233,11133|0100000010100000010000001
33444,33114,22114,22114,55514|0100000010100000000100100
11113,11113,24113,24443,25543|0000100100100000001001000
55333,55333,44442,41122,42222|0010010000000100100000001
33322,33322,44452,44552,44441|0100000010100000010000001
55521,55511,33541,33341,33444|0001001000000011000000100
44111,44111,33351,33352,33332|0010010000000100100000001
33355,44455,44422,11222,11122|1000000010010000000100100
44111,44111,44511,44522,33222|0001010000001000000101000
33555,33351,33211,22244,22244|0010000001010000001010000
24411,24445,22245,23345,33345|0001001000000011000000100
22255,22255,22331,44311,44411|0001010000001000000101000
55555,22133,22113,21114,21114|1000000010010000000100100
31111,33155,33555,33442,33342|0100000010100000010000001
33333,15554,11114,11112,11122|1000000100000010100000010
33355,35555,24445,21444,11444|0010000001100000001001000
55533,25543,21143,22243,22233|1000000010010000000100100
55111,55511,53332,44432,44422|1000000010010000000100100
44443,55533,55553,52221,22211|1000000010010000000100100
55111,55522,33524,33224,33224|0010010000000010100000010
33555,33522,33122,31122,34444|0001010000001000000101000
24445,24441,24111,22131,33333|0000101000000101000000100
44444,11144,11115,33112,33322|1000000100000010100000010
33333,33335,44445,24411,22111|0100000001001001000000010
22224,33224,33354,11354,11355|0100000001001001000000010
33333,11333,11144,15542,15222|0010010000000100100000001
42555,42335,41133,41113,41111|0001001000000011000000100
11333,11333,21553,24443,24433|0000101000000101000000100
55555,25533,22221,22411,24411|0100000010100000010000001
42222,44155,44155,44333,43333|0100000001001001000000010
55444,55443,54443,51133,22133|0001001000000010010010000
33355,33355,22225,22444,11144|0010000001010000001010000
22334,23334,22554,25554,25511|0010010000000010100000010
55551,55511,33321,33422,33322|0100000010100000010000001
11544,15555,15333,22233,22223|0000100100100000001001000
12222,13322,13225,14445,14444|0001001000000011000000100
11444,11442,31222,11522,15522|0100000010100000010000001
54333,44333,44411,44211,44221|1000000010010000000100100
22211,44311,54333,54333,55333|0010000001010000001010000
55541,33441,33221,33222,22222|1000000100000010100000010
45555,44455,14333,12333,11111|0010010000000100100000001
43331,43311,43111,43355,22255|0001010000001000000101000
11155,11155,41455,44435,22333|0010000001100000001001000
43332,44112,44111,55111,55511|0010000001100000001001000
11134,11554,15554,22224,22222|0001010000001000000101000
32222,32222,33555,15544,11444|0001010000001000000101000
44444,33544,32222,11222,11222|0000100100100000001001000
32555,32225,32221,33411,44444|0001001000000011000000100
54444,55442,55522,55322,13332|0001001000000010010010000
21144,21144,21355,33355,33355|1000000010010000000100100
52211,52211,52211,54443,54443|1000000010010000000100100
11155,11422,11422,11422,13333|0001010000001000000101000
33311,33311,22311,44455,44455|0000100100100000001001000
55111,55511,22444,22444,23333|0000100100100000001001000
55544,55544,55524,11124,13322|0000101000000101000000100
24433,23333,23355,22155,22111|0100000010100000000100100
33444,33444,11122,51522,55522|0100000010100000010000001
11122,11222,34422,55444,55555|0100000010100000010000001
33335,35555,44522,44221,44221|1000000010010000000100100
11555,11555,22445,22443,44433|1000000010010000000100100
33444,33222,33111,35511,35555|0000100100100000001001000
11142,11442,55422,53332,33333|0100000010100000000100100
35544,35544,32511,32211,32211|0001001000000010010010000
33111,33311,33551,44451,22255|0000101000000101000000100
55533,55533,15522,44522,44552|0000100100100000001001000
44444,45422,55422,55122,55113|0100000010100000010000001
22244,32244,33355,11155,11155|0000100100100000001001000
33335,44435,44415,22415,22415|0010010000000100100000001
22244,21111,22331,23355,25555|0000101000000101000000100
55555,11115,34411,34442,33322|0001010000001000000101000
22333,22333,24453,44555,44155|1000000010010000000100100
44222,44422,44522,11553,11333|0100000001001001000000010
44433,14433,11442,51422,55522|0001010000001000000101000
33311,33311,35522,34422,44442|1000000010010000000100100
14444,14555,44553,22223,22223|1000000010010000000100100
22223,12233,11134,11554,11554|1000000010010000000100100
33455,33445,33111,33122,31122|0010000001100000001001000
44422,54442,53332,53331,51111|0000100100100000001001000
55512,45522,45522,44332,43333|0001010000001000000101000
22555,22555,25554,33144,31144|0001001000000010010010000
33331,23331,24411,44455,44455|0010010000000100100000001
55552,55552,11332,11134,44444|0000101000000101000000100
33222,33222,43221,43551,44411|0001001000000010010010000
55522,22223,11133,11433,44433|1000000010010000000100100
33311,33115,32115,32555,32445|1000000010010000000100100
43335,43335,44415,44411,22411|0010000001010000001010000
44455,44455,32255,31225,31225|0010000001100000001001000
54333,54222,55122,55111,55111|0001001000000010010010000
22333,22333,22551,55511,55544|1000000100000010100000010
11114,54444,55333,52222,22222|0100000001001001000000010
13355,13352,13352,14322,14444|0001001000000011000000100
33311,23111,23315,22445,22225|0001001000000010010010000
21111,21114,51334,55534,55544|0001010000001000000101000
33332,33222,55211,55111,54441|0010000001100000001001000
55444,53344,52344,52311,52111|1000000100000010100000010
33333,11133,55122,55522,55444|0000101000000101000000100
55344,55344,23334,22111,22111|1000000100000010100000010
11222,11322,11524,11544,55544|0000100100100000001001000
33335,34455,11155,11155,11122|1000000100000010100000010
33334,11554,11554,12254,12224|1000000010010000000100100
11115,41555,41115,42235,42233|0010000001100000001001000
55333,55534,51144,21144,22224|1000000010010000000100100
53333,55553,55511,22444,22444|0000101000000101000000100
22311,23311,43311,44455,44555|1000000100000010100000010
11244,11244,11225,33225,33555|0000101000000101000000100
24433,22333,22213,55113,55111|0100000001001001000000010
22333,22333,25411,25111,25111|0001010000001000000101000
31122,31122,33442,34455,55555|0100000001001001000000010
11222,11223,11223,44433,55553|0001001000000011000000100
55555,52233,12433,12443,22443|0010000001100000001001000
44433,44433,14432,14222,15555|0100000010100000010000001
55511,55541,23341,23441,22441|0010000001010000001010000
33322,33422,34422,54412,55111|0100000001001001000000010
22444,22244,55344,11314,11111|0100000010100000010000001
33555,33551,32551,32111,32241|1000000100000010100000010
54444,55552,11222,11233,11233|0100000010100000000100100
44111,44211,54222,54233,54444|0000100100100000001001000
33551,33551,33511,23244,22244|0000100100100000001001000
44444,22241,22211,53311,55331|0000101000000101000000100
44412,44512,45522,45522,33333|0001001000000010010010000
44445,34415,32455,32225,33355|1000000010010000000100100
22344,22334,22554,25555,21115|0010000001100000001001000
11133,11333,55544,55444,22244|0010000001010000001010000
22211,44211,44511,33511,33555|0010010000000010100000010
34444,34444,34445,32225,33315|1000000100000010100000010
31111,33311,44221,44222,44555|1000000010010000000100100
24441,24433,22533,55533,55333|0000100100100000001001000
11555,11555,44533,42233,42222|1000000010010000000100100
11444,11144,11132,55133,55533|0010010000000010100000010
22223,22233,44443,44453,11155|0010000001010000001010000
11111,11553,44223,44223,44423|1000000100000010100000010
44333,44555,44415,44111,42211|0010000001100000001001000
55555,55221,55221,53331,53441|1000000100000010100000010
52333,52333,55144,55144,51144|0100000001001001000000010
33322,33322,44351,44355,44555|0001001000000011000000100
33311,33111,44111,45552,45522|0100000010100000000100100
11152,11552,33544,33344,33344|0100000001001001000000010
44111,24455,24455,44333,44333|0010010000000100100000001
22224,11124,51124,55533,55533|0010000001010000001010000
11145,11145,11155,11355,22355|0001001000000010010010000
55543,55543,55113,55113,52222|0001010000001000000101000
44444,44422,11422,11333,53333|0010000001010000001010000
45522,45522,45512,45511,43311|0000100100100000001001000
55555,44422,44422,33222,33311|0100000001001001000000010
44422,44421,55411,53411,53331|0001001000000011000000100
33222,33224,31224,11555,11155|0100000001001001000000010
25555,24445,22445,21144,11133|1000000100000010100000010
55551,55511,55331,44432,44422|0100000001001001000000010
33333,22333,22331,44455,44455|0010010000000010100000010
55544,55514,33111,33221,33222|0001001000000010010010000
11114,11244,55244,55244,55233|1000000100000010100000010
54322,54332,53322,33122,11122|0100000010100000010000001
44455,44355,44335,11122,11122|0000100100100000001001000
55522,55552,11352,11342,11442|0100000001001001000000010
55333,45333,44444,22444,21114|0001001000000011000000100
44442,33442,33552,33551,33111|0100000001001001000000010
33332,44122,44112,44555,44555|1000000100000010100000010
44443,22433,22115,25555,25555|0100000001001001000000010
11115,21155,24444,24444,23444|0000100100100000001001000
44111,44415,44333,43333,23333|0010000001010000001010000
11122,11132,11334,55554,55555|0001010000001000000101000
22221,25551,35111,33311,33344|1000000100000010100000010
33444,33434,33335,31135,11122|0010010000000010100000010
55544,55544,22555,22133,22133|0100000010100000010000001
22255,22255,22253,44233,44133|0001001000000011000000100
55222,52222,52332,52334,11114|0001010000001000000101000
22555,22411,22441,24411,33444|0001001000000010010010000
11111,44111,44131,52133,52233|0000101000000101000000100
44444,55223,55533,55511,55511|1000000100000010100000010
33111,33311,33322,55522,55444|0000101000000101000000100
11125,41225,22225,22555,55533|0010010000000010100000010
22255,33555,33555,34415,34415|0010000001100000001001000
22211,22215,22115,44133,44333|0100000001001001000000010
33144,33114,33444,35555,55522|0010010000000010100000010
45555,44555,44213,42213,44233|0010010000000100100000001
33111,32151,32555,22545,22545|1000000100000010100000010
55522,55224,55544,33111,33311|0001001000000010010010000
11111,55211,55341,55344,33344|0000100100100000001001000
33334,13334,15344,15322,12222|0010000001010000001010000
11111,11113,24443,24444,24555|0100000001001001000000010
55554,51344,51344,52333,22233|0001001000000010010010000
34411,33211,33255,33555,35555|0100000001001001000000010
22211,24111,24111,21115,11335|1000000010010000000100100
45555,44555,11225,11111,13333|0001010000001000000101000
22244,22244,11144,11133,11555|1000000010010000000100100
22555,22144,33114,33111,33111|0010010000000010100000010
11112,11122,55553,55553,55453|1000000010010000000100100
11222,11322,11322,44552,44555|1000000100000010100000010
33333,33332,43522,44222,44411|0100000001001001000000010
11553,11552,11122,44422,44422|0000100100100000001001000
33444,33554,33552,33322,11222|0001010000001000000101000
44444,44124,33122,33322,35332|0000100100100000001001000
22231,42231,42211,44551,44555|0001001000000010010010000
11111,12441,52444,52234,52233|0000100100100000001001000
11555,11455,44425,44433,44433|0010010000000100100000001
33555,33555,33551,43211,42211|0001001000000011000000100
12225,12455,14455,44433,44333|0010010000000010100000010
14445,11445,11244,11233,11333|0100000001001001000000010
44112,44122,44122,43552,33352|0001001000000010010010000
55555,55554,13554,11224,11244|0010000001010000001010000
44422,44422,53311,53311,55311|0001001000000011000000100
44444,44133,55533,55522,55522|1000000100000010100000010
44443,42553,22153,21133,11113|0100000010100000000100100
35555,33255,13345,11445,11445|1000000100000010100000010
22454,22444,33344,33311,31111|0001001000000011000000100
55111,55111,55222,54422,53332|0010010000000010100000010
44215,44215,22255,22333,22333|0001001000000010010010000
11111,22211,32244,35555,35555|0000101000000101000000100
22222,21244,31144,31111,55511|0010000001100000001001000
44451,24551,24551,22333,22233|0100000001001001000000010
33445,33455,11225,11125,11111|0001010000001000000101000
22222,22233,22133,51133,54444|0100000001001001000000010
44555,42255,22315,22333,22333|0010010000000100100000001
33322,44322,14552,14555,15555|0010000001010000001010000
55544,55544,33522,33122,33112|0001001000000010010010000
11333,11123,11224,15244,55444|0010010000000100100000001
14443,11433,15433,55522,55222|1000000100000010100000010
11144,11244,32244,32254,32255|0010000001100000001001000
33355,33355,25554,22554,22114|0001001000000011000000100
55533,55331,44331,33311,33222|0100000010100000000100100
33333,34422,11445,11555,11555|0100000001001001000000010
44451,44451,22251,22351,33311|0100000010100000010000001
22333,21155,11155,11444,44444|0010010000000100100000001
11111,11153,41153,44253,44223|0100000010100000010000001
53333,52234,52244,11244,11111|1000000010010000000100100
11122,22223,23333,55344,44444|1000000100000010100000010
11355,11345,11444,12242,12222|0010000001100000001001000
22222,11113,11443,55433,54444|0001001000000011000000100
11111,42222,44422,33333,33355|0010010000000010100000010
43355,43352,11322,11122,11222|0001010000001000000101000
44445,44245,41255,41135,11333|0000100100100000001001000
33333,55534,55544,55522,11222|0010000001010000001010000
11555,12335,22335,22245,44445|1000000100000010100000010
11333,11134,24444,55544,55544|0000100100100000001001000
55544,25444,22224,11334,11334|0000101000000101000000100
55333,55223,55223,55443,11443|0000100100100000001001000
22233,22233,22255,44555,11155|0001001000000011000000100
31444,31444,31445,33225,32225|0100000010100000000100100
22333,22333,14444,14444,15544|0100000010100000000100100
45555,45555,44433,11432,11422|1000000100000010100000010
44411,44411,35221,35522,55552|0000100100100000001001000
22444,23554,23354,11354,11333|1000000100000010100000010
51133,55113,55522,55522,44222|0010000001010000001010000
44444,55551,55531,22231,22222|0010000001100000001001000
44122,44122,41122,44552,43355|0010000001100000001001000
55141,55141,21111,22111,23333|0001001000000011000000100
11133,55533,55533,22224,24444|1000000100000010100000010
44411,44411,23555,23335,23335|0100000010100000000100100
22555,22555,34555,33551,33311|1000000010010000000100100
11333,11333,22354,23344,24444|0000101000000101000000100
33344,33324,41124,44444,55544|1000000010010000000100100
53333,55233,55221,11111,44411|0000100100100000001001000
33111,33511,33555,44422,44422|0000100100100000001001000
55522,55332,55432,44441,41111|0000100100100000001001000
33444,33444,55541,22511,22511|0100000001001001000000010
52222,55532,55552,15554,11144|0100000010100000000100100
11222,11422,11444,15544,11533|0010010000000010100000010
42222,44222,44113,55553,55555|0001010000001000000101000
33222,33355,11155,11155,44445|0010010000000010100000010
55555,54441,55421,22221,33221|0001001000000010010010000
15222,15552,15555,33444,33444|0010010000000010100000010
11122,11122,11333,15544,15554|0001010000001000000101000
44555,44455,24555,24331,22333|0100000010100000000100100
33144,11144,11144,15555,15522|1000000100000010100000010
33333,11233,11444,55444,55444|0000100100100000001001000
11144,11154,55552,33352,33332|0001010000001000000101000
11222,11252,11455,14453,44443|0010010000000100100000001
11223,11123,11111,44555,44555|0010000001010000001010000
55544,55544,35544,33221,32211|0100000010100000000100100
55333,55333,55222,45222,44411|0100000001001001000000010
15554,15544,13324,13324,13344|0010010000000100100000001
33544,33521,35521,55521,55221|0001001000000011000000100
11444,11144,12244,13245,13335|1000000010010000000100100
44433,44433,55223,51123,51123|0010000001100000001001000
22213,42213,42211,55211,55211|0000100100100000001001000
22211,22213,25413,55433,55553|0001010000001000000101000
44133,41135,41135,42222,44222|0001001000000010010010000
55522,55221,55441,33444,33444|0001001000000011000000100
43331,44431,44111,22551,25551|0001001000000011000000100
11344,13344,25554,22224,22244|0010010000000100100000001
33344,11144,12224,11225,22255|0100000010100000000100100
44445,44445,43115,23315,22222|0010000001010000001010000
44433,44431,54331,55231,22221|0010000001100000001001000
53344,55334,55555,52211,22111|0000100100100000001001000
44455,24335,22225,22115,22115|1000000100000010100000010
22213,22213,55113,55443,44433|0001001000000011000000100
44433,44533,44522,44522,11555|0001001000000010010010000
33444,33334,13324,11324,11335|0010010000000100100000001
11114,15544,15532,55532,55332|1000000010010000000100100
55555,55222,42221,43211,43211|0010000001100000001001000
52222,52312,52312,55411,54411|0000100100100000001001000
11144,35114,35524,35522,33222|0100000001001001000000010
11111,11311,55333,22222,44222|0000100100100000001001000
55223,55221,55551,54411,44111|0000100100100000001001000
33344,33344,35544,15552,11222|0100000001001001000000010
33555,33555,33222,11244,11444|0100000001001001000000010
11122,11152,11152,43332,44332|0000101000000101000000100
32144,32144,33144,33155,33555|0100000001001001000000010
11143,11443,11443,22555,22555|0000101000000101000000100
33333,52244,52244,55241,11111|0000100100100000001001000
22231,22221,22221,42251,44551|0001001000000011000000100
31111,33352,33352,44452,44455|0100000001001001000000010
33333,13333,11444,15444,11122|0010010000000010100000010
11442,11442,33422,33552,33352|0100000010100000010000001
44555,14455,11552,11152,11332|0001001000000011000000100
34444,33554,11224,11224,12222|1000000100000010100000010
44433,44135,22115,22115,22211|0001001000000010010010000
11144,11144,33114,33225,22225|0100000010100000000100100
11115,33155,35555,22555,24445|0001001000000011000000100
33114,33144,33144,23255,22255|0010000001010000001010000
21111,21111,23511,53544,55544|1000000010010000000100100
55222,55224,11144,33344,33344|0100000010100000010000001
22222,51124,53344,33344,33334|0000100100100000001001000
44455,55555,55331,52311,22211|0010010000000100100000001
13355,13355,14225,44222,44222|1000000100000010100000010
33555,32255,33441,33411,33411|0001001000000010010010000
43333,43355,44352,44122,44112|0100000010100000010000001
44433,22113,22113,52553,55555|1000000100000010100000010
22222,22442,23341,25511,55511|1000000010010000000100100
55552,55552,41153,41133,44433|0010000001010000001010000
14442,12222,11222,51133,55533|0100000010100000000100100
32222,32222,32214,55114,55114|1000000100000010100000010
44444,55133,55133,55233,55222|1000000100000010100000010
22244,22224,32524,33511,33511|0001010000001000000101000
11444,11144,11155,33225,32255|0001001000000011000000100
55522,55522,15224,11344,13344|0100000010100000010000001
55222,55222,15555,13344,11444|0100000010100000010000001
24444,24444,24153,11153,11553|1000000100000010100000010
44445,44445,24444,21333,21113|0000100100100000001001000
33333,32211,45111,45511,55511|0001001000000011000000100
34444,34445,34115,33325,33325|0100000001001001000000010
44415,24455,24455,34435,33333|0001010000001000000101000
33321,33321,33331,55444,55544|0001001000000010010010000
11111,33111,34441,22444,25544|0000101000000101000000100
11111,34552,34552,34422,33332|1000000010010000000100100
54443,54441,55111,52211,52222|0000101000000101000000100
55111,55511,55522,33544,33544|0010010000000100100000001
45331,45311,25551,22555,22555|1000000100000010100000010
55541,55541,22441,22443,22433|0100000001001001000000010
33332,35322,55552,55511,54411|0000100100100000001001000
22444,22144,11145,31155,33155|0100000001001001000000010
35111,35551,33332,33422,33422|0001001000000010010010000
34451,32251,22251,22111,21111|0010010000000100100000001
21115,22135,22555,44555,44455|0100000010100000000100100
55533,45533,44553,44122,44222|0100000010100000010000001
24111,24415,24335,24333,23333|0010000001010000001010000
11144,11145,22225,22333,22333|0001001000000010010010000
55552,55432,44432,11132,11132|0100000010100000000100100
55544,11344,11333,11122,11122|0100000001001001000000010
33344,33344,35342,35111,55111|0001001000000010010010000
33444,13334,11224,11225,11155|0100000001001001000000010
11122,11122,42222,43352,43355|0010000001100000001001000
44411,44413,55223,55553,55333|0001010000001000000101000
51111,55411,33444,33424,22222|1000000010010000000100100
44444,44433,52223,52222,55112|0100000010100000000100100
55222,55521,51111,33444,33444|0010010000000100100000001
33144,33114,31115,33555,22222|0001010000001000000101000
33333,33334,22144,22154,11111|0010000001100000001001000
44442,14422,13442,13542,33552|0010010000000010100000010
41133,45133,45533,42533,42553|0010010000000010100000010
55114,25514,25534,25533,23333|0010000001010000001010000
11553,11553,11113,41123,44422|0000100100100000001001000
11144,11542,15532,55333,55333|0001001000000010010010000
45555,45525,44221,44111,44113|0100000010100000010000001
15555,11122,11124,33324,33322|0010010000000010100000010
33333,32335,42315,42315,44415|0010000001010000001010000
11333,11333,11533,45553,22222|0100000001001001000000010
11444,11444,12255,22235,22335|0000101000000101000000100
33333,11355,14455,44222,44422|0010010000000100100000001
33111,33411,34455,22225,22225|1000000010010000000100100
11115,11215,13255,13344,33444|0000100100100000001001000
44442,44332,44335,11555,11155|0000100100100000001001000
55222,55112,53312,33422,33422|1000000010010000000100100
43111,43111,44111,44455,42255|0100000010100000000100100
11155,11223,11223,44223,44223|0001001000000011000000100
44433,44433,22553,22253,21111|0100000001001001000000010
22444,24445,33555,33311,33111|1000000100000010100000010
44433,44423,15523,11553,11155|1000000010010000000100100
22221,21111,22555,33555,33444|0001001000000011000000100
55544,12244,12234,32333,33333|0010010000000010100000010
55442,55442,11332,11333,13333|0010010000000010100000010
44333,42233,42253,22553,11111|0010010000000100100000001
55333,55333,22133,22143,22243|0100000001001001000000010
11111,11533,21533,22433,22443|1000000100000010100000010
44444,55544,35511,32211,33111|0001001000000010010010000
55443,55443,53333,11332,11322|0001010000001000000101000
11522,11522,12222,33334,33334|0010010000000100100000001
25111,23331,23331,23441,33441|0100000010100000010000001
44444,44445,42245,11233,11233|0100000001001001000000010
55533,44553,42233,41111,41111|0010000001010000001010000
44222,44422,45551,35551,33311|0001001000000010010010000
12555,12555,12444,32444,33344|1000000010010000000100100
44444,44255,33255,31115,31115|0100000001001001000000010
22224,22544,23544,23333,11113|0000100100100000001001000
44443,44433,11335,11555,22222|0100000010100000010000001
22411,22441,22531,25531,25511|0010010000000100100000001
22511,22111,22314,33344,33444|0010000001100000001001000
55544,55544,32214,33114,33114|0010000001010000001010000
52233,52223,51443,51443,11433|1000000010010000000100100
55344,55544,25511,22211,22211|0010000001010000001010000
55544,22544,21133,22233,22233|1000000010010000000100100
44444,44155,22155,22233,22333|1000000100000010100000010
34411,34451,33551,22255,22555|0000100100100000001001000
12222,11122,31144,35144,35144|0000100100100000001001000
11113,22313,52333,52344,55444|0001010000001000000101000
55533,55532,15532,11332,14332|0010000001100000001001000
22444,22533,22533,11533,11113|0001010000001000000101000
55522,35522,35221,44221,44221|0010010000000010100000010
55511,52221,55211,45331,44331|0100000001001001000000010
55333,55333,44411,22111,22211|0100000010100000000100100
22211,22111,32115,33355,33344|1000000100000010100000010
43111,43511,43551,43321,44221|0000101000000101000000100
55444,55144,51144,33244,33222|1000000100000010100000010
33355,33355,31152,11122,44444|0001001000000011000000100
11333,11133,44425,44225,44225|0010010000000010100000010
11111,11555,22253,22233,24433|0000100100100000001001000
55554,22544,22511,22111,22331|1000000010010000000100100
22221,22211,42233,44553,44553|0000101000000101000000100
22225,22255,22355,11355,11144|0100000001001001000000010
33444,33444,53222,55221,55511|0001010000001000000101000
44455,24455,22233,22131,22111|0000101000000101000000100
22233,22233,11225,11555,11445|0001001000000011000000100
11222,12222,11442,11345,13345|0001010000001000000101000
33224,33244,53344,55114,55114|0010000001010000001010000
22255,24255,44111,43333,43333|0100000001001001000000010
22234,22234,55233,55233,55111|0000101000000101000000100
22555,42555,44111,33331,33331|1000000010010000000100100
44111,42233,44233,54333,55533|0001010000001000000101000
11122,11152,13355,14355,14333|0001010000001000000101000
44444,22555,22533,21113,21111|1000000010010000000100100
44333,43322,52222,55211,55111|1000000100000010100000010
33311,33311,33225,22225,44445|0001001000000010010010000
44111,44111,44133,44223,55233|0001001000000010010010000
42211,44211,33221,33555,33555|1000000100000010100000010
21113,21133,21133,25114,25514|1000000010010000000100100
22244,32244,33333,55533,55113|0001001000000011000000100
33333,55522,11554,11544,11544|1000000010010000000100100
33335,44355,44552,41112,11112|1000000010010000000100100
22333,22223,22443,12553,11153|0100000001001001000000010
44411,55431,55331,53322,52222|0100000001001001000000010
15522,11122,11123,11423,14443|0100000010100000000100100
14552,14552,44222,44332,33332|1000000100000010100000010
12223,11423,14453,11455,11555|0100000001001001000000010
33222,33222,35521,55444,55444|1000000100000010100000010
42222,44444,55334,55334,55111|0000101000000101000000100
11115,11155,44555,44332,44222|0100000010100000010000001
33333,11322,11522,11542,44444|0100000001001001000000010
33322,33122,31122,44155,44455|0000100100100000001001000
44441,33341,33241,22255,22225|0010000001100000001001000
55333,25133,22133,11114,11144|0100000010100000000100100
44455,44455,41152,41352,44332|1000000010010000000100100
33311,22315,22455,22445,44445|1000000010010000000100100
55511,55511,55531,44231,44231|0000101000000101000000100
33333,51313,51113,51222,55544|0100000010100000010000001
55522,55122,51144,31444,33334|0000100100100000001001000
55544,55544,11344,11222,11122|0001010000001000000101000
33334,23334,23554,13314,11111|0001010000001000000101000
11411,11111,31111,32222,35522|0010000001100000001001000
33442,33342,11142,51122,55122|0001001000000011000000100
11144,11544,12222,33222,33322|0000100100100000001001000
55522,35522,33122,44124,44444|0100000010100000010000001
41122,41112,44412,44333,55333|0010000001010000001010000
22211,22241,22344,33355,33555|0001001000000011000000100
55441,55331,22231,22233,22233|0010010000000010100000010
55555,44535,14422,14422,11222|0100000010100000010000001
33333,33423,44423,44225,41115|0100000010100000000100100
52213,55113,51133,44433,44443|0100000010100000000100100
44223,44233,55133,55533,55533|0001010000001000000101000
53111,53311,44322,44422,44444|0001010000001000000101000
23333,22335,22115,22215,44255|0010000001010000001010000
55555,44455,44335,44231,42231|0001010000001000000101000
33311,34411,34421,34225,34555|0000101000000101000000100
33331,33111,22111,22144,22554|0100000010100000000100100
44222,44222,34225,34125,33325|0001001000000010010010000
55222,55442,55511,33511,33331|0000100100100000001001000
11325,13325,13355,14344,14444|0001001000000011000000100
55555,44444,33344,32211,32211|0010000001100000001001000
44552,44442,11442,11442,11133|0010010000000010100000010
11442,51122,55122,55332,55333|0001001000000010010010000
33333,35333,15222,15442,11442|0000101000000101000000100
43333,44351,44351,22251,22251|0010000001100000001001000
55444,55144,55114,22111,23311|0000101000000101000000100
22543,12543,11543,11543,11544|1000000100000010100000010
55553,45553,45523,11223,11223|0010010000000100100000001
35514,33314,33111,31111,22221|0100000001001001000000010
44111,44411,33112,33552,35522|0001001000000010010010000
55533,52243,51144,11144,11144|0000100100100000001001000
33355,33355,33444,32222,31122|0001010000001000000101000
44155,44155,11125,33125,33222|0100000001001001000000010
11122,11222,13322,55344,55544|0010000001010000001010000
44444,22222,32552,33511,33511|0001010000001000000101000
11442,11442,11222,11333,55533|0010000001010000001010000
25553,25553,25333,41113,44433|0010000001100000001001000
33333,33331,44441,55421,55555|0010000001100000001001000
22222,22233,11455,11455,11155|0100000010100000010000001
44444,34444,33332,11222,11252|0010010000000010100000010
35111,35111,45551,45552,44222|0001010000001000000101000
55554,55344,33311,33211,22221|0000101000000101000000100
33331,53221,55441,55441,55551|0100000010100000010000001
55552,55522,15522,13332,14432|0000100100100000001001000
33335,22225,22225,12455,14444|0100000001001001000000010
33322,33322,33552,11552,44442|0000101000000101000000100
22222,13322,11344,11344,15554|0000100100100000001001000
44422,44222,55552,31552,31111|0000101000000101000000100
11111,55554,22334,22333,22233|0010010000000010100000010
53411,53441,53241,52244,22244|0100000001001001000000010
45555,43555,43222,41122,11122|0000101000000101000000100
43333,44331,44551,44222,44222|0100000001001001000000010
44533,44533,44553,44525,11555|0010000001010000001010000
55533,55511,44211,44222,44222|0001001000000011000000100
11155,21155,21355,24355,33333|0010010000000010100000010
44455,14455,11222,13222,33322|0000100100100000001001000
11133,11115,11455,22444,44444|0001001000000011000000100
44335,44335,24133,22133,22133|0000101000000101000000100
22555,22115,22113,23333,44443|0000100100100000001001000
33344,33344,12225,11125,11115|1000000010010000000100100
55443,55443,55243,52244,52211|0010010000000010100000010
44444,33224,33224,35111,35111|0010010000000100100000001
11114,33124,33224,33524,55524|0100000010100000010000001
44333,44555,44552,42222,11111|0010000001010000001010000
33255,32255,32244,11244,11244|0100000001001001000000010
44444,14443,11533,11552,11122|0100000001001001000000010
22333,22133,22113,55514,55444|1000000100000010100000010
33333,45533,44511,44522,44422|1000000100000010100000010
55334,55334,55514,22214,22211|0010000001010000001010000
55533,55533,44533,44122,44122|0100000010100000010000001
22222,33224,33444,31145,31555|0010010000000010100000010
15555,15552,44222,44322,33322|1000000010010000000100100
12222,11332,41335,41355,41355|0000100100100000001001000
44444,33444,33215,32215,22555|0010010000000100100000001
22244,52244,53344,54444,54111|0100000001001001000000010
22222,32222,31115,33415,44411|0001010000001000000101000
31111,33551,33352,22442,22222|0100000010100000010000001
11155,11145,21155,21355,23355|0100000010100000010000001
33333,41322,41322,45522,45522|0001001000000011000000100
23331,22231,22211,22444,55544|0010000001010000001010000
33333,53333,55112,45552,44422|0001010000001000000101000
22333,22333,22113,44155,44555|0100000001001001000000010
12222,12224,11524,11555,33355|0010000001010000001010000
11155,55555,52222,52233,44433|1000000010010000000100100
55553,11153,11133,22444,22222|0001001000000010010010000
55444,55543,15533,12233,12222|0000100100100000001001000
55555,45555,44352,43312,33312|0010010000000010100000010
15222,15224,55544,55533,55533|1000000100000010100000010
33355,33455,23455,24451,24441|0100000010100000000100100
54443,55433,15522,15122,11122|0100000001001001000000010
11133,51112,55112,55442,55544|0001001000000010010010000
22255,22255,32555,33511,33411|0100000010100000000100100
55224,15224,15444,15543,11443|0100000010100000000100100
35552,33522,34422,44412,44411|0010000001100000001001000
55553,55533,44443,44412,41112|1000000010010000000100100
11113,45333,45333,45522,44442|0010000001010000001010000
22555,22254,22234,22234,11114|0010000001010000001010000
55553,55553,55223,45223,44123|0000101000000101000000100
33333,35333,55544,15555,22225|0000101000000101000000100
43332,41322,41222,45555,44555|0001001000000011000000100
22441,22411,22331,22335,25555|0010000001100000001001000
11555,11155,11553,44433,44422|0010010000000010100000010
44441,44441,33311,33351,32551|0000100100100000001001000
44444,11143,11223,11255,12255|0010000001100000001001000
21133,21155,21155,22444,24444|0001001000000011000000100
41111,43111,43332,55322,55322|0010010000000100100000001
22444,25544,25331,22311,22222|0001001000000010010010000
11333,11233,42233,44444,55554|1000000100000010100000010
11444,11144,11554,33354,33322|0100000001001001000000010
11111,55551,33511,33221,33324|0100000010100000010000001
22444,15544,11544,11443,11133|1000000100000010100000010
12222,11555,11355,44355,44455|0001010000001000000101000
11552,41522,44522,44432,44433|1000000100000010100000010
11444,11444,22445,33555,33355|0100000010100000000100100
53444,33444,33344,33322,31111|1000000010010000000100100
11333,11444,11554,11155,12155|0010000001100000001001000
14444,11433,11533,21553,21533|0001001000000011000000100
54444,55554,55514,33311,33221|0000101000000101000000100
11144,22244,32244,32224,35554|0100000001001001000000010
44443,44433,54433,55112,52222|0100000010100000010000001
11111,14444,33225,32255,32255|0000100100100000001001000
44433,44441,55511,25511,22211|0001001000000010010010000
55224,53224,33211,33211,11111|0100000001001001000000010
44111,44112,44222,44225,33325|0001010000001000000101000
43311,43311,44311,55222,55522|1000000100000010100000010
55511,45511,45331,45322,43322|0000100100100000001001000
44444,11444,11133,22133,22255|0010010000000010100000010
11444,13444,23345,22245,22255|1000000010010000000100100
11113,11133,55133,22144,22444|0000100100100000001001000
55113,55133,55333,24433,24433|0001001000000011000000100
33333,33442,14422,14442,15522|0010000001100000001001000
44222,44355,13355,11155,11155|0001010000001000000101000
55554,55544,22244,22311,21111|0100000010100000010000001
44333,54433,54443,52243,52221|0010010000000100100000001
51111,55141,55442,33344,33344|1000000100000010100000010
55331,55331,55441,55442,52222|0000100100100000001001000
44333,43333,44455,42455,22211|0010010000000010100000010
44444,33334,31114,55524,22224|0000101000000101000000100
45533,44431,22431,22111,22111|0010010000000100100000001
11222,11322,13322,14325,44425|1000000010010000000100100
14444,13222,13222,12225,22555|0001001000000011000000100
41111,41122,43333,44433,45533|0100000010100000000100100
55444,55444,14444,13322,13222|0100000010100000010000001
55533,21533,21133,21134,22244|1000000010010000000100100
22224,22224,55544,55533,11133|0010000001010000001010000
55554,55554,33334,23134,21144|0000101000000101000000100
33111,33111,33215,22255,22245|1000000100000010100000010
33155,33155,44555,44222,42222|0010010000000010100000010
22255,22155,11133,44443,44444|0100000010100000000100100
33355,33355,33352,15552,11422|0001001000000011000000100
44445,44455,44155,22133,22233|0100000001001001000000010
55553,44513,44511,44511,42222|0000100100100000001001000
34444,33441,33411,55411,55211|0000101000000101000000100
33333,43333,44532,55532,51132|0001010000001000000101000
22222,22255,11355,11345,11345|0100000001001001000000010
22211,24113,44113,45113,45533|0010000001100000001001000