55555,44451,44411,33311,22331|0001001000000010010010000
11122,11122,55324,55324,55324|0001010000001000000101000
44411,33311,23315,23325,22225|1000000010010000000100100
11522,11552,14533,14433,11333|0010000001010000001010000
33355,23355,23355,24451,22211|0010010000000010100000010
31144,33114,32115,22255,22255|0001010000001000000101000
14444,15114,11112,11332,11322|0001001000000010010010000
14444,11134,11134,22224,55524|0000101000000101000000100
11112,11222,33222,33225,33445|1000000010010000000100100
22555,42535,44433,44111,41111|1000000100000010100000010
34411,33451,33351,33211,33211|0100000010100000010000001
55443,55543,25444,22111,22111|0000101000000101000000100
33311,11111,14414,15444,12224|1000000100000010100000010
22441,22411,32111,35111,35511|0001001000000011000000100
11334,11334,52334,52554,55544|1000000010010000000100100
33355,33555,33254,22214,22214|1000000100000010100000010
32222,33222,33211,33441,55544|0001001000000010010010000
33122,33112,33114,35444,55444|0001010000001000000101000
33311,32211,22551,22551,42251|0010000001010000001010000
55555,55444,34424,31122,33122|0100000010100000010000001
55555,21155,22444,22444,23334|0000101000000101000000100
11155,11155,12225,33245,33245|0010000001010000001010000
44441,24441,24551,22111,22231|0100000001001001000000010
11444,11455,11433,23333,22333|0100000001001001000000010
11133,41113,44113,44153,22233|0010000001010000001010000
11222,11222,53222,53244,55544|1000000010010000000100100
11122,11155,14445,44433,44333|0001001000000011000000100
55224,55244,55444,33111,33311|0010000001010000001010000
55333,55344,55544,52222,11112|0010000001010000001010000
11113,11333,55343,25544,24444|0010000001010000001010000
44222,45533,45533,44433,11433|0001001000000010010010000
11444,13444,13344,11325,11225|1000000010010000000100100
22113,22133,22333,55444,55444|0010010000000100100000001
11333,11333,14333,44225,44225|1000000010010000000100100
44455,33355,22355,13333,11133|0100000010100000000100100
44442,54442,54443,55333,11133|0000100100100000001001000
22444,22544,33511,33311,33331|0001010000001000000101000
33355,33355,32254,11554,11444|0100000001001001000000010
45552,45122,11122,11122,13322|0001010000001000000101000
41222,41322,43333,44553,44553|0100000010100000010000001
22222,32215,31111,34441,33341|0010000001010000001010000
55211,55211,52211,32244,32244|0100000001001001000000010
53122,53122,53322,53424,44444|0010010000000100100000001
33422,33312,11112,11115,15555|0010010000000010100000010
22211,44441,44455,33335,33355|0100000001001001000000010
55555,15422,14432,11133,11133|1000000010010000000100100
22333,22335,11145,11144,11144|1000000100000010100000010
22111,22333,55333,55334,55444|0010010000000010100000010
44335,44355,33355,22251,22551|0100000010100000010000001
11444,11134,21534,22554,22555|0100000010100000000100100
44444,34411,33111,35552,55552|0001010000001000000101000
55552,11522,31322,33322,44442|0001010000001000000101000
44155,22155,22135,22233,33333|1000000100000010100000010
22222,23332,53334,55114,55114|0001001000000010010010000
44111,33111,33311,33355,22255|1000000010010000000100100
11155,11155,11335,22335,22444|0000101000000101000000100
44222,54222,54222,53311,55311|0100000010100000010000001
33355,22333,22444,11144,11111|0000100100100000001001000
55555,52244,22244,33221,33311|1000000010010000000100100
33222,31122,31111,44551,45555|0100000001001001000000010
55544,32544,32221,33221,33311|1000000010010000000100100
11111,31114,33514,33512,33322|0100000001001001000000010
22222,32255,33444,33111,33311|0100000001001001000000010
45555,44552,44452,11432,11222|0010000001010000001010000
43355,43355,44332,44122,44111|0001001000000010010010000
11444,11444,33322,33322,33352|1000000100000010100000010
22333,24433,14435,44455,44455|0100000010100000000100100
55555,45555,22235,12233,11233|0001010000001000000101000
55555,11115,33445,33444,32444|0000100100100000001001000
52222,55322,33322,33111,44111|0001010000001000000101000
44445,34445,34455,31225,31225|0010010000000010100000010
22222,11122,41112,44355,43355|0000100100100000001001000
33555,33335,44221,44221,44221|0010010000000010100000010
33442,33552,35552,35551,31111|0010000001100000001001000
33555,33224,33222,11222,11122|0010000001010000001010000
33511,33551,25511,25541,22244|0100000001001001000000010
44442,44422,45441,55551,53331|1000000010010000000100100
33332,33322,44425,42225,41111|0100000010100000000100100
33555,33555,33322,34411,34411|0010010000000100100000001
24444,22222,32522,33551,33555|0100000010100000000100100
44444,44333,24113,22111,22255|0100000001001001000000010
11133,41333,44223,55223,22222|0010010000000010100000010
22244,22211,11113,13333,15555|0001010000001000000101000
55555,44551,44441,22231,22231|0010000001010000001010000
52222,55232,55532,15433,15444|0000101000000101000000100
52221,52241,52441,53431,53331|1000000010010000000100100
11444,11444,11445,33335,22255|0001001000000010010010000
44122,44122,44332,54333,55533|0010000001010000001010000
55555,11255,11255,22244,23334|0000100100100000001001000
55444,33444,33142,31142,31122|1000000010010000000100100
22222,22432,54433,51133,51133|0000100100100000001001000
41333,41333,41333,11533,11222|0100000010100000010000001
22114,22214,33554,33344,33334|0001010000001000000101000
21111,21331,24441,24455,22455|1000000100000010100000010
55444,22444,22214,22113,33333|0100000010100000010000001
54444,55443,15333,15223,15223|0010000001100000001001000
55523,55523,54553,54413,55113|1000000010010000000100100
14222,14222,12222,12355,33333|0100000010100000000100100
44442,41122,11225,32225,33355|0001001000000010010010000
11125,11125,33225,33424,33444|0000101000000101000000100
55111,55111,44112,44412,33442|0001001000000010010010000
11444,15544,11122,11322,13322|0001001000000010010010000
22333,22333,22211,52211,22444|0000101000000101000000100
22223,22233,11113,14443,11555|0100000010100000010000001
34444,33111,33311,32355,22555|0010010000000100100000001
33355,24455,44455,44551,41111|0010010000000010100000010
22113,21113,22553,24453,22443|0010010000000100100000001
33333,11333,22444,25444,25544|0001001000000011000000100
44411,54441,55551,33551,33222|0000101000000101000000100
22234,22334,25554,55114,55111|0001001000000010010010000
11444,13344,13332,53322,55522|1000000010010000000100100
11133,11133,24455,24455,22225|0001010000001000000101000
11144,11144,15544,22533,22333|0010000001010000001010000
11133,22333,22333,24445,24555|0100000010100000010000001
55544,55544,55543,12213,11113|0001001000000010010010000
22211,22211,55211,55544,33444|0010000001010000001010000
55555,45555,22211,22211,23111|0001010000001000000101000
55222,55222,35551,35441,33111|0100000010100000010000001
55533,55533,11333,11222,11442|0100000010100000000100100
33441,32211,33211,32221,35551|0010000001100000001001000
33335,43332,44322,44412,41112|0000101000000101000000100
55444,54411,33111,33122,33322|1000000100000010100000010
11111,32244,32244,33255,33555|0100000010100000010000001
11552,15522,55533,55533,54433|1000000010010000000100100
44444,24444,22111,25533,25555|0001010000001000000101000
33342,55542,51522,11112,11111|0100000010100000000100100
11133,11133,12224,15544,55555|0010000001010000001010000
44422,44112,54412,55555,33355|0000101000000101000000100
22233,22224,11144,55111,55111|0001001000000011000000100
22555,22355,22335,22245,11144|0000100100100000001001000
41122,44422,44553,44553,45533|0100000010100000000100100
25551,25411,33441,33441,33441|0010010000000010100000010
44433,44431,44431,55431,52221|0001001000000011000000100
33455,44455,44455,44422,11122|1000000010010000000100100
55555,33352,33352,44422,44411|0100000001001001000000010
22222,11253,11555,11445,11445|0100000001001001000000010
11553,11553,11555,44422,44422|0000100100100000001001000
55144,55144,33144,33222,33222|0010010000000010100000010
41335,41335,41355,44322,42222|0100000001001001000000010
33311,34311,44311,44221,55221|0010000001010000001010000
55533,52233,22333,42113,44111|0010000001010000001010000
22233,22233,11133,44445,44445|0100000010100000000100100
11522,11112,44332,44322,33322|0010010000000100100000001
55111,52111,52111,11143,44443|1000000010010000000100100
11111,11411,33442,33522,55522|0000100100100000001001000
12223,12223,15433,15433,15433|0001010000001000000101000
31111,35511,33511,33224,32224|0001010000001000000101000
22211,22221,35551,35554,35444|0000101000000101000000100
22335,22355,12355,13355,11444|0001001000000011000000100
52222,52224,22244,21133,21133|1000000100000010100000010
22211,22211,44431,44555,44555|0000101000000101000000100
14444,15544,15524,33324,33222|1000000100000010100000010
44455,43445,43325,41122,41111|0000101000000101000000100
51113,51123,51123,54223,44422|0000100100100000001001000
44355,44355,33355,22355,22221|0010010000000100100000001
55111,55113,55143,52444,52222|0010000001100000001001000
32224,33224,33444,11115,11115|0001010000001000000101000
33344,33344,53444,11224,11122|0010000001100000001001000
55555,52135,51133,11444,11444|0000101000000101000000100
44444,42244,42245,33155,33115|0001001000000010010010000
11222,12222,32244,33444,55554|1000000100000010100000010
32222,32521,55521,55541,44444|1000000010010000000100100
44455,22455,22155,21111,31111|0010000001010000001010000
44444,44311,53311,52211,52211|0000100100100000001001000
33111,33112,34412,33412,55552|1000000010010000000100100
33322,43332,44432,51112,51112|0100000001001001000000010
11111,32511,32554,34444,44444|0000101000000101000000100
33555,35554,33144,11122,11122|0010000001100000001001000
44322,44332,44312,54512,55512|0010000001010000001010000
11155,11352,43352,44332,33332|0100000010100000000100100
33333,24533,44511,44411,44111|0001010000001000000101000
44111,44111,44322,45322,55322|0001010000001000000101000
44455,44455,42225,32125,33125|0000101000000101000000100
55511,55511,55211,33222,33442|0100000001001001000000010
22225,22225,23355,13355,11444|0100000001001001000000010
21222,22222,53344,55344,55333|0100000010100000000100100
31111,31144,31444,22445,22555|1000000100000010100000010
22333,22333,22544,55514,55511|1000000100000010100000010
24444,24443,25511,55111,55111|0010000001100000001001000
55554,11544,11544,11334,23334|0001001000000010010010000
33311,33311,55551,44511,44421|0100000001001001000000010
21144,21134,21134,22155,22555|0000101000000101000000100
33355,33353,43333,43211,44211|0100000010100000010000001
11144,11144,33555,25555,22225|0000100100100000001001000
33355,33555,33511,44221,44441|0001001000000010010010000
11111,11112,44412,55442,55332|0100000001001001000000010
22111,22111,22244,33544,35544|0001001000000011000000100
12444,12444,12235,12255,12555|0010010000000100100000001
55552,55332,11334,11344,11144|0100000001001001000000010
22222,22233,44133,41133,41553|0100000001001001000000010
22533,55533,51111,51114,51114|0100000010100000000100100
44111,44111,54442,54432,55332|0001001000000011000000100
33222,33222,35112,55114,55144|0001010000001000000101000
51111,51111,55131,52334,52224|0010010000000100100000001
44555,34455,34441,32441,32441|0010010000000010100000010
11133,11333,55223,42223,44222|0010000001100000001001000
44444,24411,22331,22333,55533|0100000010100000000100100
33333,43222,42222,45221,45111|0010010000000010100000010
22444,22444,11444,11354,13355|0100000010100000010000001
11111,53332,53222,43222,44222|0000100100100000001001000
45552,43222,33122,33332,33332|0001010000001000000101000
33555,33555,33445,11442,11122|0001010000001000000101000
11111,45552,44422,44332,44322|0001001000000010010010000
11155,11255,44253,44233,44433|0100000001001001000000010
55543,53343,22333,22223,22111|1000000010010000000100100
33111,33341,35341,55311,22211|1000000010010000000100100
22445,22445,22335,11333,11111|0000100100100000001001000
11555,11155,22243,22243,22333|0010010000000100100000001
55114,55544,52333,22233,22233|0010000001100000001001000
44111,41151,22255,22255,22333|1000000100000010100000010
55111,55111,52334,22334,44444|0100000001001001000000010
55222,51144,51143,51333,33333|0010010000000100100000001
22555,22225,12255,13344,13344|0000100100100000001001000
33222,33322,35544,11544,11544|0100000001001001000000010
55522,52222,55311,33311,33444|1000000100000010100000010
44444,44522,41522,41133,41133|1000000100000010100000010
33444,33555,13555,12255,22222|0001001000000011000000100
44335,44445,44445,12222,11122|0010000001010000001010000
55522,35551,33551,33411,33411|0001001000000010010010000
55333,11133,11122,11122,11444|1000000010010000000100100
33114,33344,35444,55524,52224|0010010000000010100000010
44555,44412,44412,34412,33111|0010000001010000001010000
33544,35511,35511,35522,55222|0001001000000011000000100
31111,32255,32225,44222,44444|0100000010100000000100100
42333,42113,44553,44553,44555|0100000010100000000100100
33335,33335,44555,44422,41122|0000100100100000001001000
11111,41115,44415,43325,33325|0010000001010000001010000
55422,55422,55422,53311,55311|0010010000000010100000010
33555,32255,34221,34111,11111|0010010000000100100000001
24433,22433,24431,55411,55551|0001001000000010010010000
22223,11223,15523,44443,44444|0001010000001000000101000
11112,33112,33512,33544,33544|0100000001001001000000010
55522,35221,35511,34411,44411|0001010000001000000101000
33222,33322,43321,44451,44455|0010010000000010100000010
55511,55511,44311,44311,44322|0100000001001001000000010
55554,55544,35544,33112,33312|0100000010100000010000001
21111,22551,22251,22233,22443|0100000010100000000100100
55544,51114,33124,33322,33322|1000000100000010100000010
22233,41113,41115,44155,11155|0100000001001001000000010
31111,32221,35554,33554,33555|0001001000000011000000100
33441,33441,23331,22355,22255|0010000001010000001010000
44433,44233,45231,55211,55511|0000100100100000001001000
55555,15555,14433,44433,42233|0001010000001000000101000
22255,22445,24415,33415,33111|0100000001001001000000010
32244,32244,33111,33111,55111|0010000001010000001010000
12244,11554,11154,11344,13344|0100000010100000010000001
11112,11122,33524,33324,33344|0100000001001001000000010
55555,33552,33522,11522,11142|0010010000000010100000010
11444,11444,55244,22223,22233|0100000010100000000100100
55333,55333,54423,54413,44111|0010010000000100100000001
44111,44155,22135,22335,22335|1000000100000010100000010
55333,55333,41133,44122,44422|1000000010010000000100100
11222,41222,41112,44335,44335|0100000010100000000100100
33332,34452,44452,11155,11115|0010000001100000001001000
55224,12224,11334,11333,11133|1000000100000010100000010
33333,22553,22555,22111,24111|0000100100100000001001000
11333,44233,44233,45535,55555|0100000001001001000000010
22443,22433,52111,55111,55111|0010000001010000001010000
44433,44431,43331,55311,55521|0100000001001001000000010
11122,13455,13455,33555,33555|0001010000001000000101000
33332,35522,45552,11552,11555|0010000001100000001001000
55444,55442,15442,55322,55322|0100000010100000010000001
55544,55241,55221,22233,22333|0001001000000011000000100
11144,11144,11115,33215,33255|0001001000000010010010000
53333,53432,55422,55422,55111|0100000001001001000000010
55223,55223,55244,11444,11144|0000100100100000001001000
55444,55444,25114,22111,33311|0100000010100000000100100
44111,45111,55551,52331,22333|0010010000000100100000001
11122,11122,51112,55532,54332|0000100100100000001001000
13333,14432,12222,15255,55555|0001001000000011000000100
51112,55512,54112,54333,44333|0010000001100000001001000
11125,11125,31125,44425,44225|0100000010100000010000001
22221,45521,44531,45511,44441|0010010000000100100000001
44411,45511,42213,42223,42223|0001001000000011000000100
55533,55433,15442,11142,11144|0001010000001000000101000
33355,33155,34152,44122,44222|0000100100100000001001000
11445,11445,23335,22225,22255|1000000010010000000100100
14333,14333,13355,33555,22222|0100000010100000000100100
54442,55442,55122,31112,33312|0001001000000010010010000
44555,44222,44121,44111,34111|0010000001010000001010000
33555,33555,44451,42222,42222|0001001000000011000000100
44455,11555,11222,33222,33222|0010000001100000001001000
54433,54433,54423,51123,51122|1000000100000010100000010
55533,55533,11143,22244,22244|0000100100100000001001000
44433,41335,41135,41125,11125|1000000100000010100000010
55333,55333,13333,11234,11244|0100000010100000010000001
55222,55522,55442,55143,11111|0001010000001000000101000
33355,33355,11155,11114,22244|0001010000001000000101000
22111,22111,32225,33445,33445|0001001000000010010010000
22555,22555,22244,21344,22334|0010010000000010100000010
11111,11441,31445,32255,32255|0100000010100000010000001
44443,44433,22255,11155,11115|0000100100100000001001000
33344,35544,35542,11142,11144|1000000100000010100000010
22222,42223,45533,45533,45113|0010010000000010100000010
11111,11331,54422,54422,55522|1000000010010000000100100
54431,54431,55531,22231,22231|0100000001001001000000010
11133,41332,45222,45222,55522|0100000010100000000100100
15522,11522,15555,14553,44333|0001010000001000000101000
55533,55533,55521,55221,44411|0001001000000010010010000
55555,55224,15334,11334,11134|1000000100000010100000010
22244,22244,31111,31151,11155|0000100100100000001001000
22244,22255,22355,11333,13333|0001001000000011000000100
44444,44414,24411,23455,33355|0100000010100000000100100
55244,55224,51222,11133,11133|0001010000001000000101000
55533,55553,55233,52244,51111|0001010000001000000101000
31111,35555,33555,33344,32222|0010000001100000001001000
11222,11344,11344,11554,55555|0001010000001000000101000
22255,22245,22244,11334,11334|0001001000000011000000100
33444,33244,33244,51144,55554|1000000100000010100000010
52224,54444,55444,33314,31114|0010000001010000001010000
33344,13344,11344,51222,55522|0001010000001000000101000
11115,13355,33554,33354,22255|1000000010010000000100100
11144,11224,11224,51334,55554|0000100100100000001001000
22222,11222,11554,33554,33344|0001010000001000000101000
44222,44422,44122,31111,33351|0100000001001001000000010
11554,21554,21333,23333,22333|0010000001010000001010000
33333,33551,55511,22241,22241|0010000001100000001001000
41113,41133,41133,55333,55222|1000000100000010100000010
13544,13544,13322,11322,11322|0010000001010000001010000
23335,23355,22411,22411,44411|0000101000000101000000100
33244,33444,35541,33511,55551|0010000001100000001001000
11445,11445,22455,22443,22443|0010010000000100100000001
44111,44533,44533,55533,55332|0010010000000100100000001
33333,42233,52233,51111,55111|0001010000001000000101000
22222,44425,33355,33311,33111|0010010000000100100000001
11133,11553,11553,14442,14442|0001010000001000000101000
53222,53422,54411,44411,44411|0100000010100000000100100
33335,31115,11445,11445,11222|0100000001001001000000010
22331,22531,42531,44531,44333|1000000100000010100000010
44422,33444,33114,55111,55111|0001001000000011000000100
55522,55522,12224,11324,11144|0001001000000010010010000
33333,43333,43152,44152,45552|0001010000001000000101000
55555,12555,12245,33444,33444|0001010000001000000101000
22222,11355,13355,13334,11144|1000000010010000000100100
55522,55222,45521,45531,44331|0001001000000011000000100
44455,44455,33455,13222,11222|0010000001010000001010000
55552,55522,54422,33322,11112|0100000001001001000000010
55555,53555,33334,22334,22114|0001001000000011000000100
55533,55532,22222,11142,11142|0000100100100000001001000
55555,55551,42251,42251,43331|0100000001001001000000010
11444,11444,21335,23355,23335|0100000010100000000100100
12222,15525,11555,34444,33444|0010000001010000001010000
11122,33322,33322,33544,33444|0100000010100000010000001
55554,55354,53334,11114,22114|0010000001010000001010000
22555,22231,42233,42233,22233|0010000001100000001001000
55444,55444,55543,25333,22133|0001001000000011000000100
51111,54111,54441,53222,33222|0010010000000100100000001
55222,55444,55444,51114,11113|0010010000000100100000001
22333,22443,22411,54441,55511|0001001000000010010010000
44455,44455,44133,24133,22233|0100000001001001000000010
33324,33324,33344,11544,11555|0001001000000011000000100
41111,11111,11222,15522,55533|1000000100000010100000010
42222,45222,45223,11233,11133|1000000010010000000100100
55544,55544,53222,11222,11222|0010000001010000001010000
11111,31121,33325,44425,44425|0010010000000010100000010
33351,22251,22255,24255,24445|0010000001100000001001000
55555,35515,33114,33144,22244|0001010000001000000101000
45522,44522,45523,41123,33333|0010010000000100100000001
44555,44455,44222,33311,33311|0001010000001000000101000
52222,51242,51442,31442,33333|1000000010010000000100100
33311,33311,33334,22554,22244|0001001000000010010010000
44222,44221,44211,33355,33333|0010000001100000001001000
22334,25534,25114,25144,55114|0010010000000100100000001
11444,15444,15434,11332,11222|0000101000000101000000100
22441,22211,22333,22333,55555|0010000001010000001010000
12222,13222,13325,14555,14455|0001001000000011000000100
22211,22211,25531,25535,44555|0010000001010000001010000
51111,55511,53512,53312,53342|0010010000000010100000010
33111,43111,43111,45552,44452|0100000010100000010000001
55222,55522,55524,33114,33114|0001001000000010010010000
44333,44333,44222,41555,11155|0001010000001000000101000
22211,22211,22255,34445,34445|0001001000000011000000100
22222,24552,44553,44553,44511|1000000100000010100000010
33333,33351,23351,22551,22451|0100000010100000000100100
55533,55333,55113,55214,52211|0001010000001000000101000
55554,55554,35222,33311,33311|0100000001001001000000010
55551,53331,53311,22411,24411|0001001000000011000000100
44411,44411,43551,33551,33322|0100000001001001000000010
33555,34255,44255,14245,14445|0100000001001001000000010
41155,41155,44255,33225,33355|0010000001100000001001000
44442,33422,33322,55112,55112|0001001000000010010010000
22255,22555,22445,22211,33311|0001010000001000000101000
33222,33222,13324,15544,11444|0100000010100000010000001
33333,34444,14444,14455,11255|0100000010100000000100100
34444,32244,52221,52211,55511|1000000010010000000100100
44455,24455,22335,21155,11155|0010010000000100100000001
44445,44445,42335,22155,22155|0000101000000101000000100
53334,53334,53344,33211,22211|0000100100100000001001000
11122,11155,44455,33455,34455|0001001000000011000000100
55511,53331,33341,22242,22222|0010000001100000001001000
22211,24411,44415,44335,43355|1000000010010000000100100
55444,55243,22243,22243,11113|0001001000000010010010000
33222,33222,34411,55111,55511|1000000010010000000100100
55552,55452,44422,11111,33331|0010000001010000001010000
44331,44331,42211,52255,55555|0010010000000100100000001
35555,35555,32211,33411,33411|1000000010010000000100100
55525,55555,33441,33111,33111|0001010000001000000101000
22111,22551,22334,23344,23344|0000100100100000001001000
44443,22233,22155,21155,11555|0100000010100000010000001
55533,54433,54433,54411,22211|0010000001010000001010000
55555,44443,21133,21133,21111|0000100100100000001001000
55555,44445,22445,22221,22331|1000000010010000000100100
22244,24444,44155,33115,33335|0001010000001000000101000
45555,44553,14422,14422,14222|0010000001100000001001000
22344,22244,22144,11111,55555|0010000001010000001010000
33333,54333,54444,52241,22211|0001010000001000000101000
55332,11132,11422,44442,44442|1000000010010000000100100
14455,11443,11433,22333,22333|0001010000001000000101000
11442,11342,13332,13332,33355|0010010000000010100000010
33331,34421,33422,55422,55444|0000100100100000001001000
33222,33322,33114,11114,15511|0001001000000011000000100
44333,44322,44522,45511,41111|0010010000000100100000001
51111,51222,54422,54433,55333|0010000001010000001010000
22222,22124,23114,33354,33355|1000000100000010100000010
33444,34444,35544,22511,22211|1000000010010000000100100
22444,32224,33335,13555,15555|0000101000000101000000100
11445,11455,11455,13422,13322|0010010000000010100000010
11333,11223,11123,14555,44555|1000000100000010100000010
11533,11533,42223,44222,44222|0010010000000010100000010
22255,22115,21115,33445,33344|0000100100100000001001000
33344,33224,33221,22251,55551|0001001000000010010010000
22222,55222,55554,33554,33311|0010010000000010100000010
45555,43555,43355,42111,42111|0001010000001000000101000
53344,53344,22341,22211,22211|0001010000001000000101000
11222,15222,15523,14523,14223|0001010000001000000101000
44444,44155,41155,21133,22223|0010000001010000001010000
55511,55111,54112,54432,54432|1000000100000010100000010
11555,11155,31155,32244,32224|0000100100100000001001000
11224,15544,15343,15333,13333|0010000001010000001010000
33555,33355,33151,22111,22244|0100000001001001000000010
24444,22244,33444,35555,11115|0000100100100000001001000
33322,33222,34422,34451,34551|1000000010010000000100100
42221,44221,44455,33355,33355|0000100100100000001001000
55544,52244,22344,33311,33331|0010000001100000001001000
11113,11133,22333,22335,44455|0100000010100000000100100
22555,22555,22444,11344,33334|0000101000000101000000100
22211,23111,23111,25144,55544|0010000001010000001010000
44441,44411,35112,35122,35112|0010000001100000001001000
44444,11424,12225,13355,13355|0100000010100000010000001
44422,44422,51122,53222,33333|0100000001001001000000010
13333,11223,11455,41455,44455|0000100100100000001001000
44555,44411,43441,23333,22333|0010000001100000001001000
55322,55322,44332,44311,44441|0001010000001000000101000
33333,13334,11354,15554,22444|0010000001010000001010000
44455,44455,21155,23333,22333|0010000001010000001010000
22244,22244,55443,55433,55111|0001001000000011000000100
54433,55433,55333,51112,11222|0100000010100000010000001
32221,33221,52221,54421,44421|0000101000000101000000100
33555,31555,11555,11224,11222|1000000010010000000100100
55555,55111,53311,22334,22444|0100000001001001000000010
33111,34441,35421,35522,35522|0000101000000101000000100
51122,53322,53323,44333,44433|0100000010100000000100100
55111,55551,45355,44335,44325|0100000001001001000000010
33222,33322,44332,44112,55555|0100000010100000010000001
53333,51331,51411,11112,11122|0001010000001000000101000
33544,33544,33444,31112,31222|0010010000000010100000010
55553,55253,54453,54411,44411|0000100100100000001001000
55533,55333,55331,52331,22244|1000000100000010100000010
33555,34445,44411,22221,22222|0001010000001000000101000
22444,21144,22254,22222,33322|0000101000000101000000100
55544,55544,55223,11133,11113|0001010000001000000101000
55553,11143,11143,24443,24443|0100000001001001000000010
44411,55411,25533,25533,22233|1000000010010000000100100
55133,55113,52224,52244,22244|0010000001100000001001000
33333,33224,11224,11114,11544|1000000010010000000100100
33333,11233,11255,11222,11442|1000000100000010100000010
22221,22233,45533,45533,45533|0000100100100000001001000
55443,55433,55533,22211,22211|0010000001010000001010000
44433,11433,11433,21555,22555|0010000001010000001010000
44111,44112,43312,43355,44355|0010000001010000001010000
44111,31111,31152,33352,33352|1000000100000010100000010
22244,22144,25554,25553,55533|1000000100000010100000010
12244,12224,15334,55334,55534|1000000100000010100000010
11144,21144,21134,55134,55555|0000100100100000001001000
33111,33311,23335,22555,22244|0010010000000010100000010
33331,33551,33541,33242,22222|0000100100100000001001000
22221,55221,55223,44433,44443|0000100100100000001001000
33333,53343,52244,52211,52221|0100000010100000000100100
11111,41423,44423,44223,55533|0010000001010000001010000
22222,22333,25533,25514,21114|1000000010010000000100100
12255,12155,11144,33444,33344|0100000010100000000100100
55555,41113,41233,41233,44233|0001001000000010010010000
22255,22244,11144,11334,13334|0001001000000010010010000
13333,11333,44422,55422,55522|1000000010010000000100100
35544,33342,11142,11122,11222|0010010000000100100000001
15554,11544,15544,11332,11222|0100000010100000010000001
55554,55444,33444,33222,31122|0010000001100000001001000
11114,52114,52211,22333,22333|0000100100100000001001000
11522,11522,11522,33544,33444|0100000001001001000000010
55223,55423,51433,51433,11444|0010010000000100100000001
55555,33331,42211,44411,44411|1000000010010000000100100
33322,33322,11122,55222,55244|0100000001001001000000010
24555,24155,24155,23333,23333|0100000001001001000000010
22244,22223,52213,55113,55511|0001001000000010010010000
44444,34444,34455,22555,22215|0010010000000010100000010
11111,11114,25554,22333,23333|0010000001010000001010000
11144,12444,52434,52334,52334|0010000001100000001001000
33333,34455,44255,44111,11111|0100000001001001000000010
23333,22222,22422,21445,11555|0001010000001000000101000
44411,33411,33444,33255,32255|0100000010100000010000001
33222,33322,55551,55551,55544|0010010000000010100000010
21133,21133,24455,22555,22555|0010000001010000001010000
51111,51111,55332,55432,54442|0001010000001000000101000
11111,33111,33115,22455,44455|0001001000000011000000100
32244,32244,32145,32555,33555|0100000001001001000000010
32222,32255,31155,31155,44111|0001010000001000000101000
11114,11144,52134,52533,55533|1000000010010000000100100
55222,55233,11133,11433,44433|0001010000001000000101000
41111,43331,55311,55551,55251|1000000010010000000100100
33111,33112,55222,55442,44444|1000000010010000000100100
33555,34455,32222,11222,11112|0000100100100000001001000
55311,55311,11111,44442,44422|0010010000000010100000010
11443,14433,22333,22555,55555|1000000100000010100000010
22211,22241,33241,55541,55441|0100000010100000010000001
23355,22333,24333,24331,24411|0001010000001000000101000
11132,41132,44422,55552,55552|0100000010100000000100100
33255,32255,44455,44415,44415|0010010000000010100000010
33333,33444,55511,55511,22211|0010000001010000001010000
55555,22551,22331,22244,22444|0100000001001001000000010
11333,11435,11455,22255,22255|0000100100100000001001000
11444,11124,13334,13544,15544|1000000010010000000100100
55544,51544,11124,12223,22223|0100000010100000000100100
55544,55555,22222,33311,33311|0001010000001000000101000
55524,51224,51334,51333,51333|0001001000000011000000100
55244,55224,55214,35511,33551|0010000001010000001010000
44422,44422,14442,11542,15553|0100000010100000010000001
33344,33344,55112,55112,55522|0001010000001000000101000
33344,12244,12225,11255,11555|0100000010100000010000001
44444,22241,22231,22231,55211|0010000001010000001010000
44333,45333,55223,11222,11122|1000000010010000000100100
44555,44455,44351,42331,42221|0001010000001000000101000
11111,55531,45532,44432,44222|0000101000000101000000100
32222,55221,55111,55411,44444|1000000100000010100000010
55551,34451,33411,33312,33322|1000000100000010100000010
44442,34422,14452,11155,11555|0010010000000010100000010
33333,33443,11443,11245,11255|0100000010100000010000001
25555,22244,22244,11244,11344|0001001000000011000000100
55551,52211,52233,42233,44433|0000100100100000001001000
55553,51333,44233,44233,44433|0001001000000010010010000
11115,11525,41555,44553,44533|0100000010100000000100100
55534,12234,12234,12234,22244|0010010000000100100000001
55522,44422,43442,11441,11111|0010000001010000001010000
55533,55553,44553,44513,42513|0000100100100000001001000
54442,51112,51122,51123,55333|0100000001001001000000010
44555,33552,35552,33322,33111|1000000100000010100000010
22333,22444,22411,22111,25111|0010000001100000001001000
55511,44411,42411,42233,42233|1000000100000010100000010
33444,31444,31555,22255,22255|1000000010010000000100100
33111,33111,55511,55244,22244|0100000010100000010000001
22333,23354,23554,33314,33314|0100000001001001000000010
34455,34455,33122,31122,11122|0100000010100000010000001
33331,22111,22551,22444,22244|0100000001001001000000010
22255,24455,44453,43333,44111|1000000010010000000100100
21113,21113,24443,22443,22555|0000101000000101000000100
12255,12554,55554,55444,55433|0010010000000010100000010
22411,22411,22413,52433,55443|0001001000000011000000100
55544,55244,33244,11224,11224|0010000001100000001001000
55122,51112,51112,11344,33334|0000100100100000001001000
22222,22211,43111,43551,45555|0010000001010000001010000
22441,22441,23311,53311,55333|0001001000000011000000100
55133,55333,53333,22233,22244|0010010000000010100000010
22254,22554,22544,32211,31111|0100000001001001000000010
11111,41111,45513,45333,22333|0001010000001000000101000
11111,21441,22533,22533,22553|1000000100000010100000010
31155,33155,22445,22244,22244|0010010000000010100000010
22244,22244,52113,55333,53333|0100000001001001000000010
55533,55533,54433,12443,22223|0100000001001001000000010
44455,44555,44553,44113,22113|0001001000000010010010000
11115,11455,14425,13322,11222|1000000100000010100000010
22222,22225,11255,31244,33344|0010000001100000001001000
11121,11111,11115,33444,33334|0001001000000010010010000
32222,32222,33321,55311,55441|1000000100000010100000010
54411,55441,55221,55311,53333|0100000001001001000000010
15553,13353,12333,42333,44433|1000000010010000000100100
33222,33222,55221,55421,54421|0001001000000010010010000
23311,23311,23311,33411,33445|0100000010100000010000001
22255,22255,22445,11145,11133|0100000001001001000000010
33331,34411,54441,55222,55222|0100000001001001000000010
22234,12234,11234,15544,55554|0001010000001000000101000
44221,44421,43445,33355,33335|0010000001100000001001000
43331,43531,44521,44221,42222|0100000001001001000000010
55555,11334,11334,12244,22224|0000100100100000001001000
41155,41155,41115,44333,44322|0100000010100000010000001
11233,11233,15553,44453,44455|0010010000000010100000010
44551,44111,42211,42211,33311|0001001000000010010010000
33444,33444,33155,31125,31225|0010010000000010100000010
44455,33355,23355,23111,22111|0100000001001001000000010
33332,11322,11342,11442,11455|0100000010100000010000001
44444,11122,55122,55133,55113|1000000010010000000100100
54442,54422,54432,54431,55331|1000000010010000000100100
12222,15522,15533,14555,44555|0010010000000100100000001
44555,34255,34215,33115,33311|1000000100000010100000010
55522,55522,33224,33124,33144|0001001000000010010010000
11333,11133,11122,11444,55544|0001001000000010010010000
44322,43322,43322,41115,41155|0001010000001000000101000
22222,33111,33311,35551,44411|0001001000000010010010000
22255,22555,21553,44443,44443|1000000010010000000100100
22333,23333,11333,11544,55544|1000000010010000000100100
55554,55444,35441,35441,22221|0100000010100000000100100
22441,22241,55331,53331,53333|0001001000000011000000100
11122,11322,55332,55555,54555|0001010000001000000101000
14444,11444,11422,15333,55553|0010010000000100100000001
11133,11333,11533,55522,44442|0001010000001000000101000
42225,44255,11235,11333,33333|1000000100000010100000010
44443,22433,22233,11153,11553|0010000001010000001010000
44111,44411,44422,33225,33335|0010010000000100100000001
22222,25555,45555,45111,33331|0010000001100000001001000
44332,44322,44332,41335,11155|0010010000000010100000010
44411,45511,35555,22555,22555|0010000001100000001001000
12555,12555,11555,13344,13444|0100000010100000010000001
33555,33555,33522,11122,14444|0000101000000101000000100
44222,55522,55555,11333,11333|0100000001001001000000010
33355,33355,34315,34315,22222|0010000001010000001010000
44255,44255,22255,22333,22111|1000000010010000000100100
15555,15555,12224,11324,11324|1000000010010000000100100
43333,42333,44555,41111,41111|0000101000000101000000100
11555,11335,11335,44432,44222|0001010000001000000101000
22444,25553,25553,25513,25553|0010000001100000001001000
11111,55111,55412,53412,33312|0001010000001000000101000
55511,55511,22514,32234,33333|0001001000000010010010000
33312,44112,44222,44555,55555|1000000100000010100000010
44422,44452,34452,34112,33111|0100000010100000000100100
44333,44331,44311,53311,55211|0000101000000101000000100
24113,24111,24551,24451,24455|0000100100100000001001000
55555,23345,23344,22311,22311|0100000010100000000100100
15555,11122,11142,33144,33333|0100000010100000000100100
44442,54442,55555,53111,33333|0000100100100000001001000
33333,23435,22445,12555,11155|0000100100100000001001000
31115,31115,31455,11455,22455|0001010000001000000101000
33333,33311,55311,55442,54422|0100000010100000000100100
33111,34552,44522,44522,44522|0001010000001000000101000
55111,55533,55533,44442,44422|0010010000000010100000010
33355,33555,33352,34442,11442|0001001000000010010010000
11433,11433,24433,22223,25553|1000000100000010100000010
55111,55411,52444,22434,22334|0000100100100000001001000
11112,44222,45333,55333,55333|0010000001100000001001000
55222,55222,45552,41333,11133|0100000010100000000100100
33222,33224,13244,13255,33355|0010000001100000001001000
44433,22233,22233,22111,22255|0100000010100000010000001
44444,44422,54322,54311,53311|0010000001100000001001000
33355,33355,43311,42111,42111|0000100100100000001001000
14444,15544,15444,11122,33222|0000100100100000001001000
44555,44455,44452,41112,33322|0001001000000010010010000
23344,23344,23344,25541,25111|1000000100000010100000010
11122,55122,55522,54223,44233|0010010000000010100000010
44411,44111,22111,35551,35551|0010000001010000001010000
24411,22415,22115,33115,33115|0010010000000010100000010
35551,35511,32211,32244,32444|0000100100100000001001000
23344,23344,22331,25531,55511|0001001000000011000000100
33311,33331,33334,33224,55555|0001001000000010010010000
11155,11554,11544,21533,21333|0100000001001001000000010
55522,54422,54121,53111,53111|0000100100100000001001000
11144,13554,13544,13442,33342|0001010000001000000101000
55555,35521,32221,33331,34444|0100000001001001000000010
33355,12555,12544,12244,12244|0100000010100000010000001
43455,44445,14125,11125,22225|0100000010100000000100100
44555,24555,24441,24311,23311|0100000010100000010000001
43331,43311,42211,22211,22551|1000000100000010100000010
52233,55233,44211,44111,44111|0001010000001000000101000
11222,11122,33335,44355,44455|1000000010010000000100100
22111,52221,55441,55331,55333|0100000001001001000000010
44433,44423,44223,55551,11111|0100000001001001000000010
22113,22313,22333,25544,25544|0010000001100000001001000
23333,23311,25111,55441,55444|1000000100000010100000010
55511,51113,44113,44433,22233|1000000010010000000100100
45552,45552,45112,44422,33333|0100000001001001000000010
22444,24444,22154,33155,33155|0100000001001001000000010
44422,44422,55551,55551,33333|0001001000000010010010000
33311,23355,23355,43355,44333|0001010000001000000101000
22221,22221,23333,55543,55533|0010000001010000001010000
45555,44555,25515,22235,23333|0010010000000100100000001
33555,32444,32244,22214,22214|0010000001100000001001000
44442,55542,51222,11333,11333|0010010000000100100000001
31111,33411,33412,55112,55555|0001010000001000000101000
33355,31155,41155,44425,44425|0010000001010000001010000
55551,55331,22231,22231,24431|0010000001100000001001000
11222,11144,11144,11355,13335|0010000001100000001001000
44555,44555,24535,22231,33331|0100000010100000000100100
55442,55342,53342,55512,55111|0010000001010000001010000
11111,44444,22444,22234,55554|0010000001010000001010000
11111,14441,34425,33225,33325|0001001000000010010010000
44455,44452,43422,43322,43112|1000000010010000000100100
13555,13542,13542,13522,33332|0100000010100000010000001
33344,33334,31134,21554,22554|0010000001010000001010000
13333,13343,15544,15122,11122|0010010000000100100000001
54441,52211,52211,52231,33333|0100000010100000010000001
11133,11533,12444,22444,22444|0000100100100000001001000
44112,44112,45312,55332,55332|0010000001100000001001000
44111,44111,44115,43325,43322|0010010000000010100000010
21113,55113,55513,55553,44443|1000000010010000000100100
11112,11122,44553,44443,44433|0100000001001001000000010
33333,11333,11554,22554,22554|0010010000000010100000010
44444,55422,33122,31111,33311|0001001000000010010010000
22233,22231,55331,54411,55411|0001001000000010010010000
34444,14444,15524,11522,11112|1000000010010000000100100
44455,43315,22311,22221,22221|0001010000001000000101000
44444,55544,55214,33211,33333|0001010000001000000101000
33244,53224,53222,53111,55111|0001001000000011000000100
55111,55111,55422,44443,44443|0010010000000100100000001
55555,11555,11453,44433,22233|0001001000000010010010000
44555,44511,34511,33222,33222|0100000001001001000000010
11444,51144,55533,25533,22223|1000000010010000000100100
55333,55333,15554,12244,11244|0100000010100000010000001
41111,43111,43321,43222,55222|0001010000001000000101000
33355,33355,43355,22111,22111|0000100100100000001001000
33355,33114,31144,22444,22444|0001010000001000000101000
44411,24411,22215,33215,33255|0001001000000011000000100
55511,35511,33114,33112,33222|0001001000000011000000100
22311,22331,22331,55331,54444|0000101000000101000000100
34444,33455,23455,23444,21144|0000101000000101000000100
33311,22111,24411,24445,22225|1000000010010000000100100
43333,43333,45133,11112,11112|1000000010010000000100100
55111,51113,21333,24333,24433|0100000010100000000100100
11133,11333,11554,22444,22244|0100000001001001000000010
55333,55133,55112,55512,44422|0001010000001000000101000
21355,21335,21135,11134,44444|1000000100000010100000010
11111,11411,14455,13335,12222|1000000100000010100000010
55551,33331,23334,23344,22444|0100000001001001000000010
33322,44442,11144,51144,55555|0010000001100000001001000
11555,11555,11154,22244,22233|1000000100000010100000010
22444,25344,25333,55113,55511|0000100100100000001001000
32222,33321,33111,54115,55555|0010010000000100100000001
11113,44333,22335,22235,22555|0010010000000100100000001
41122,44122,44133,44113,45511|0001010000001000000101000
55111,45111,44111,43311,44332|0100000010100000010000001
22224,22144,22144,21135,55555|0000100100100000001001000
42222,42221,44411,33355,33555|0100000001001001000000010
35553,33333,22222,22421,24411|0001010000001000000101000
55555,44411,42211,33222,33222|0010000001100000001001000
33333,42553,22551,22211,22211|0001010000001000000101000
44555,44355,13325,11125,11122|1000000100000010100000010
11155,21115,21144,33444,33344|0001010000001000000101000
23344,22244,21144,11114,55511|0010000001100000001001000
55444,25414,25111,22221,33311|0001001000000010010010000
11444,11424,11424,33555,33555|0000101000000101000000100
32221,33421,33441,33445,33455|0100000001001001000000010
22551,22551,42551,43353,33333|0000101000000101000000100
55511,55114,52114,52133,22133|1000000100000010100000010
44422,44452,34552,33552,33111|0000101000000101000000100
52211,52211,52233,54433,44433|0001010000001000000101000
23331,22231,24231,44331,45511|1000000010010000000100100
24433,24433,11333,11555,11155|1000000100000010100000010
25554,25444,22144,23111,23111|0010010000000100100000001
25555,25554,22114,32234,33334|0001010000001000000101000
55522,55444,44444,33344,11344|0001001000000010010010000
22444,22243,55213,55111,55555|0001001000000010010010000
23333,25555,22555,21445,11145|0010000001010000001010000
22222,22223,15523,11133,11144|0100000001001001000000010
22111,22114,55444,55333,55555|0001001000000010010010000
52223,52333,22113,22144,22144|1000000010010000000100100
33334,22344,55344,55544,11444|0001001000000010010010000
22222,15224,11234,11434,14444|0000101000000101000000100
55533,15223,11223,11443,44443|1000000100000010100000010
24441,22441,22441,22333,55533|0000100100100000001001000
12222,15222,55223,55243,55544|1000000100000010100000010
11133,51442,55442,55522,55222|0000101000000101000000100
44222,41253,11553,11553,11553|1000000100000010100000010
22234,22334,22334,52114,51111|0000101000000101000000100
44423,44413,11113,11555,11555|0001001000000010010010000
22225,22325,22355,22315,44411|0000100100100000001001000
22444,22344,22341,22311,25555|0000100100100000001001000
33112,33512,33552,33542,55544|0010000001010000001010000
33342,33342,11322,11111,55111|0001001000000010010010000
34444,34544,35544,32211,33311|1000000100000010100000010
55555,55544,11144,21144,23333|0100000001001001000000010
33332,33335,44455,44151,11111|0000101000000101000000100
11144,11444,12244,12255,12355|1000000010010000000100100
33444,35541,33111,33221,33222|0001001000000010010010000
33333,44353,44451,44221,42221|1000000010010000000100100
55555,52511,42511,22331,22331|0010000001100000001001000
33144,33144,35124,55122,55522|0010000001100000001001000
13333,11533,11553,44452,42222|0000101000000101000000100
22211,22213,44333,44335,44355|0001010000001000000101000
44455,44455,11135,11233,11223|0100000010100000010000001
22221,44441,33111,35515,33555|0001010000001000000101000
11444,11224,12255,22222,22233|0010010000000010100000010
33445,33445,33115,31122,31122|0000100100100000001001000
33355,23355,23255,22211,22411|0100000010100000000100100
33555,33445,33215,33215,32211|0000100100100000001001000
44555,44115,22113,22223,22223|0001010000001000000101000
15555,22255,23254,33244,33222|1000000010010000000100100
44442,44442,53222,33211,33211|0000100100100000001001000
22111,22413,44413,44453,44553|1000000010010000000100100
33311,33311,55544,55522,55222|0000101000000101000000100
11233,14533,44553,44533,44443|0010010000000100100000001
55222,54322,54332,14422,11444|0100000001001001000000010
55111,55111,55411,35412,33442|0001010000001000000101000
33555,11555,11144,21144,22224|1000000010010000000100100
35221,35511,35554,33544,34444|0010000001010000001010000
44133,44133,55533,55223,22222|0010010000000010100000010
11111,33122,33155,33455,34455|0100000010100000010000001
11333,11111,44411,25555,22555|0010000001010000001010000
33333,44423,44424,11444,11544|0000101000000101000000100
11111,15511,22534,23334,33334|0001001000000011000000100
22222,12233,12235,11445,44445|0100000010100000000100100
34455,34455,33445,32225,31222|0010000001100000001001000
25555,25544,23514,33511,33311|1000000100000010100000010
44311,44311,53331,55331,55332|0100000010100000010000001
55544,55444,22233,12233,11133|0100000001001001000000010
11144,31144,31112,35522,35555|0001001000000011000000100
33444,33444,55441,55211,55222|0001001000000010010010000
11555,11522,11222,33444,33444|0001001000000011000000100
31111,31115,31112,34222,34444|0010000001100000001001000
22111,24111,24111,24433,25555|1000000010010000000100100
22444,22444,12444,13445,13355|0100000010100000000100100
22222,52223,51143,55144,54444|0010000001010000001010000
33333,33313,51114,51444,22244|0100000010100000000100100
35554,33544,13444,11122,11222|1000000100000010100000010
44444,44514,55533,55332,22222|0100000010100000010000001
22223,24433,24433,51133,11133|0001001000000011000000100
55444,55441,52231,52231,52222|0010000001100000001001000
55444,55544,25344,22333,11133|0000100100100000001001000
33332,53322,55422,55411,55411|0100000001001001000000010
55522,55522,44322,44331,44111|0001010000001000000101000
33355,33311,22311,22441,24444|0001001000000011000000100
22555,22255,12255,11133,14443|0000100100100000001001000
44455,22455,22211,22311,22311|0100000010100000010000001
44423,44223,54223,55223,11133|0010000001100000001001000
33552,35522,33511,44411,44411|0000100100100000001001000
55555,22255,42253,41333,11133|0000100100100000001001000
44222,44222,33112,33115,55555|0100000001001001000000010
11111,11124,33224,33224,33555|0100000001001001000000010
21555,21555,21435,24435,24455|0000101000000101000000100
22244,22244,23344,22541,22551|1000000010010000000100100
44433,54433,55422,15522,11112|0001001000000010010010000
23333,22244,12244,11144,55444|0001001000000010010010000
33555,23445,24445,11445,11115|0100000010100000000100100
44511,44551,44551,32211,32222|0100000001001001000000010
55442,35522,35522,33311,33311|0010000001010000001010000
11555,11555,11533,11443,22443|0001001000000010010010000
11111,14421,55322,55333,55333|0000101000000101000000100
22551,25551,25211,22233,44333|0000100100100000001001000
22222,55532,55532,11444,11444|0000101000000101000000100
55534,55444,11114,22214,22222|0001010000001000000101000
51111,51111,23344,23344,22244|1000000010010000000100100
45522,44522,44552,43551,41111|1000000100000010100000010
33332,55322,54422,54422,44112|0010010000000010100000010
33331,22331,42111,44551,44411|0001001000000010010010000
55333,55533,51333,11222,11444|1000000010010000000100100
44455,44455,22455,23433,13333|0010000001010000001010000
44555,45512,41112,44132,44133|0010000001010000001010000
55333,55433,55443,55222,11222|0000100100100000001001000
42555,42255,42211,43222,43322|0010010000000100100000001
55344,55334,25344,22214,22114|0010000001010000001010000
33333,31555,11115,22144,22444|0100000001001001000000010
22233,21334,21114,11514,55544|0001010000001000000101000
22233,22233,52231,54411,55441|0001001000000010010010000
55442,55522,55332,11332,11112|0010010000000100100000001
25111,25111,55133,44433,44433|1000000010010000000100100
11111,44433,55533,52233,52223|0001010000001000000101000
33344,35354,35555,35522,31122|0001010000001000000101000
15554,14444,14334,22233,22233|0010010000000010100000010
55444,55444,53311,33312,33322|0010010000000100100000001
11111,55111,55222,55322,44442|0001001000000010010010000
15555,11133,11243,22244,24444|0100000010100000010000001
44411,44111,33115,33255,32225|0001001000000010010010000
33311,33311,45522,44522,44222|0010000001010000001010000
55555,52215,33244,33244,33244|0100000010100000010000001
44433,22233,22333,51111,55111|0010000001010000001010000
44444,22444,22511,55513,55333|0010010000000100100000001
44451,44451,43552,33332,33322|0100000001001001000000010
44222,44225,34255,33215,11115|0100000010100000000100100
44335,42335,22255,12255,11255|0001010000001000000101000
54444,55422,51422,31222,31122|0001001000000011000000100
11114,15114,55314,33334,32244|0000100100100000001001000
44444,51222,51222,55233,33333|0001001000000011000000100
33333,33112,31122,44422,44555|1000000100000010100000010
43331,45531,45531,55332,55522|0010010000000010100000010
33355,33255,44215,44111,44111|1000000100000010100000010
55522,15222,15222,11233,44433|0010000001100000001001000
33444,33354,13554,11554,22554|0000100100100000001001000
35552,35152,33154,33144,33444|0100000001001001000000010
11155,11355,33355,22344,23344|0100000001001001000000010
44422,41122,11115,11115,11333|1000000010010000000100100
22555,25533,21143,21144,22244|0010000001010000001010000
23331,24331,24411,22415,22455|0100000001001001000000010
33441,33441,53511,55522,55522|0010000001010000001010000
44455,44455,12225,11125,33115|0010000001100000001001000
22113,22113,21133,22153,44153|0000100100100000001001000
22233,22223,11224,11554,11144|0001001000000010010010000
33355,33335,32225,12245,11445|0000101000000101000000100
31111,33111,34411,33422,33522|1000000010010000000100100
11115,11555,22223,22444,22444|1000000100000010100000010
33344,32242,32222,11155,11115|0001010000001000000101000
22555,32455,33155,33111,33111|1000000100000010100000010
31111,33311,33411,32455,22555|0001010000001000000101000
11115,21115,22335,22334,33344|0100000001001001000000010
22222,23111,44511,45551,44411|0001001000000010010010000
44444,55433,24433,22411,22211|0010010000000010100000010
55331,55331,53321,44422,44222|0000100100100000001001000
11155,11155,33334,22344,22344|0001001000000011000000100
44455,44435,22435,22555,22111|0100000010100000000100100
44555,54555,55522,35522,33112|0000101000000101000000100
22251,25551,55555,54433,54433|0010000001100000001001000
33322,33322,33441,55441,55111|0001010000001000000101000
33555,33255,34251,32211,22211|1000000010010000000100100
33333,55422,55441,55511,11111|0100000001001001000000010
55544,55314,55314,22314,22111|1000000100000010100000010
22333,22133,24135,24155,22115|1000000010010000000100100
55333,55533,55543,22243,21144|0000101000000101000000100
33455,34455,33555,31155,11122|0010010000000010100000010
15555,15555,44425,33422,33422|0001010000001000000101000
42222,42222,44455,11133,11133|0010010000000100100000001
55553,55133,25133,24443,44443|0100000001001001000000010
22224,54444,55111,55511,55533|1000000100000010100000010
34111,34211,34222,34552,55555|1000000010010000000100100
14222,14422,44222,55523,55533|1000000010010000000100100
21111,22211,22223,44443,44544|0001001000000011000000100
44455,41155,11355,11332,12222|0100000001001001000000010
51133,51133,55533,52444,52444|0010010000000100100000001
22233,22233,44155,44155,44155|0001010000001000000101000
34441,34241,33211,55511,55511|0001010000001000000101000
22222,22244,11544,31554,35554|0010000001010000001010000
11555,11233,11223,11143,44443|0001010000001000000101000
22233,11233,11133,44555,44555|0100000001001001000000010
11144,11444,11442,55522,55333|0001001000000011000000100
44551,44521,45521,33321,33222|0000100100100000001001000
14444,15544,15222,13332,11132|0001001000000010010010000
55544,25544,22224,33321,33311|1000000010010000000100100
43333,43355,44551,22551,22251|1000000100000010100000010
22211,22211,22544,55544,35544|0001001000000010010010000
13333,14433,14333,12223,55222|0000100100100000001001000
11144,33344,33444,23554,25554|0010000001010000001010000
55544,55544,51222,53322,53332|1000000010010000000100100
33331,22211,22211,55211,55444|0001001000000011000000100
24311,24311,24335,24235,22255|0100000001001001000000010
55555,12222,11132,11133,44333|0010000001010000001010000
33333,31113,22553,22554,55544|0100000010100000000100100
11144,11122,11332,55552,55555|0001010000001000000101000
11112,11112,34452,34452,33333|0010000001010000001010000
11222,11112,41152,44453,44333|0000101000000101000000100
22411,44411,45511,44333,43333|0100000001001001000000010
55553,55553,22453,22441,22411|0100000001001001000000010
33555,32255,42251,44211,44411|1000000010010000000100100
54433,54433,55433,52231,51111|0010010000000010100000010
44453,24553,22513,22111,11111|0100000001001001000000010
55551,55551,44223,44443,44333|0000101000000101000000100
11111,22251,22255,33344,33334|1000000010010000000100100
11144,11142,52222,55333,55553|0001001000000010010010000
55544,55114,11133,11233,12222|0001001000000010010010000
11144,15554,15324,55324,33334|0010000001010000001010000
33311,33311,41111,44552,44552|0100000010100000000100100
54442,55422,55432,51333,11133|0010010000000010100000010
22333,23333,44111,44555,44555|0100000001001001000000010
11554,11544,11224,33224,33222|0010010000000010100000010
44433,41113,51122,51222,55222|0001010000001000000101000
44411,22211,21111,33555,33555|1000000100000010100000010
11133,11552,44552,44555,45555|0001001000000011000000100
33344,11333,11223,11522,15522|0000100100100000001001000
33311,33222,52222,55555,55444|0001001000000011000000100
22225,12225,11135,44433,44444|0000100100100000001001000
11333,14433,14255,24225,22225|1000000010010000000100100
55333,55522,55522,54441,44441|0010010000000100100000001
22222,44222,44112,44155,33333|0001010000001000000101000
31111,33122,33422,35442,35442|0010010000000010100000010
22225,22225,31115,33344,33444|0010000001010000001010000
33311,33311,22255,22555,24444|0001010000001000000101000
55551,55511,33511,43522,43222|0010000001010000001010000
55544,52244,52224,53331,51111|1000000100000010100000010
44335,44355,11355,12222,22222|0001001000000011000000100
22222,44222,45533,41533,41133|0001010000001000000101000
55112,55112,53322,33422,44444|0010010000000100100000001
12222,15222,15332,15532,44422|0000101000000101000000100
22511,25511,23111,33444,33344|0010010000000010100000010
55233,55233,51114,11144,11111|0010000001100000001001000
11122,11422,11422,13355,33355|0000100100100000001001000
44211,44221,44222,35522,55555|0001001000000011000000100
55555,32554,32554,35514,31111|0001001000000011000000100
22222,21322,11344,15444,55544|0000100100100000001001000
22245,22245,12245,12445,13345|0000100100100000001001000
45553,45533,42233,22233,21133|0001010000001000000101000
22222,22122,33344,33444,55554|0000100100100000001001000
11222,31124,31154,33354,33355|0010000001010000001010000
44425,33425,34425,33322,11122|0000100100100000001001000
23333,24433,22533,21555,21555|1000000100000010100000010
51113,55133,54433,54422,54422|0100000010100000000100100
44444,44222,41112,45553,45553|1000000010010000000100100
55552,44322,44332,44411,44411|1000000100000010100000010
22233,25533,22511,22111,44441|0001001000000011000000100
33444,33344,33321,55521,55511|0010010000000100100000001
11122,11122,44555,44555,44333|0001001000000011000000100
55522,53422,53442,13444,11111|1000000010010000000100100
31155,31125,33125,32224,44444|0000101000000101000000100
25555,25245,22244,22231,22331|0100000010100000000100100
42225,44255,44255,13335,11335|0001001000000011000000100
22444,22444,12444,11555,33355|0100000010100000000100100
11444,11333,11133,11122,55522|0010000001010000001010000
25544,25544,22111,11133,13333|0100000010100000010000001
42222,43355,44445,11555,11555|0000101000000101000000100
23334,22444,22441,22411,25111|0010000001100000001001000
13444,13445,11245,11225,12255|0100000010100000010000001
22222,22211,22555,33444,33444|0100000001001001000000010
33444,33333,55511,55521,55521|0010010000000010100000010
42222,42333,43333,11355,11155|0001010000001000000101000
51111,54111,54233,55233,22233|0000101000000101000000100
11155,12111,22244,22444,23333|0001010000001000000101000
55555,22255,44435,11133,11113|0001010000001000000101000
11333,21333,22255,25554,25544|1000000010010000000100100
22444,22344,22344,52344,52211|0100000001001001000000010
55111,53333,43342,44442,44422|0001010000001000000101000