22222,22223,22533,15533,14444|0100000001001001000000010
44322,44322,33322,11552,15552|0100000001001001000000010
55551,54511,44111,33222,33222|0001001000000011000000100
55555,52255,52333,44333,44113|0000101000000101000000100
11442,11442,13332,33332,35332|0010000001100000001001000
11115,33335,33555,23455,22444|0001001000000011000000100
55444,55114,35114,35244,35224|0100000010100000010000001
44411,54111,53311,33311,22221|0010010000000010100000010
22111,22211,24411,54433,54433|0100000001001001000000010
44444,41144,33344,55224,55222|0000100100100000001001000
55555,55535,12333,12443,22222|0100000010100000010000001
33333,44432,42222,55521,55511|0001010000001000000101000
33333,13533,15533,12443,22443|0000100100100000001001000
55555,22555,22351,44311,44311|0001010000001000000101000
55522,55552,44422,11333,11333|0000100100100000001001000
55555,54445,53333,22221,22111|0000101000000101000000100
44111,44121,44325,43325,43335|0010010000000100100000001
44332,44432,11332,55333,55555|0000100100100000001001000
11555,12555,22225,22233,24433|0001010000001000000101000
11444,11444,11343,22333,22355|0100000001001001000000010
11111,15554,33344,33322,33322|1000000100000010100000010
43355,43355,11355,11255,22222|1000000100000010100000010
44444,12444,12443,12433,15555|0001001000000011000000100
11355,41335,44355,44322,44322|1000000100000010100000010
22222,12222,11552,14533,14533|0010010000000100100000001
11122,11122,11322,55324,33344|0100000001001001000000010
11111,22541,22551,33555,33355|0100000010100000000100100
55533,55413,24413,24413,22411|0100000010100000000100100
33355,42255,42225,42111,22111|0100000001001001000000010
55222,55522,54423,54433,55111|1000000010010000000100100
35555,35524,33224,33224,11144|0010000001010000001010000
33334,33344,11112,11122,55522|0000100100100000001001000
13333,11111,54444,55522,55522|0010000001010000001010000
11155,11433,11433,22433,24433|0001001000000011000000100
32225,33225,33355,33311,44441|0010000001010000001010000
11333,51333,51443,21443,22222|0010010000000100100000001
22111,22111,32221,35544,55544|0100000010100000000100100
55544,51141,21111,22133,22233|0001010000001000000101000
32225,32255,33255,31444,31444|0010010000000100100000001
33221,33451,33451,33455,34444|0010000001100000001001000
44444,55411,25511,22233,22233|1000000010010000000100100
33322,33322,53444,55511,55511|0001010000001000000101000
22222,23355,33354,34444,44111|1000000010010000000100100
23333,25533,15333,11443,11443|1000000100000010100000010
11145,11445,31455,31455,33422|0100000001001001000000010
55333,55333,52244,22211,22211|0010010000000100100000001
55122,55122,54422,54432,54433|0010000001010000001010000
55533,55544,11544,11114,22444|0001001000000010010010000
22245,44445,44411,31111,31111|0100000001001001000000010
33333,44153,44153,44153,42555|0000100100100000001001000
55533,55533,22221,22221,22444|0001001000000011000000100
33444,33355,32355,22155,22555|0001001000000010010010000
55555,55355,13334,11334,11324|1000000100000010100000010
33322,33422,33421,55511,55111|0000100100100000001001000
11553,11553,12255,22254,44444|0000101000000101000000100
15333,15533,15553,12244,22244|1000000010010000000100100
22223,22113,44113,44113,45113|0010000001100000001001000
33555,33335,11144,11142,11122|0010010000000010100000010
22215,22115,21115,21135,44433|0010000001010000001010000
11113,45113,45511,44552,44222|0000101000000101000000100
22344,22314,22114,55515,55555|0010000001100000001001000
55222,55522,55523,11523,11443|0001001000000011000000100
55522,13222,13332,44332,44333|0010010000000010100000010
44333,43333,43322,41222,41115|0010010000000100100000001
44332,55532,55522,11122,11122|1000000010010000000100100
55554,55344,23344,23441,22211|1000000010010000000100100
33555,33255,11244,11224,11122|0010010000000100100000001
22255,22255,12255,44433,44433|0000100100100000001001000
44444,14343,11333,55522,55522|0001010000001000000101000
22221,21111,24111,54533,55533|0010000001010000001010000
22222,52222,53344,53114,53114|0010010000000010100000010
55555,44255,42211,44211,43331|0000100100100000001001000
14435,11335,11335,22225,22255|0100000010100000000100100
44441,22211,22251,33555,33555|0100000001001001000000010
22245,22245,12235,12331,11111|0001001000000010010010000
33333,13443,11225,11225,11225|1000000100000010100000010
44335,44235,42235,42111,42111|0010000001010000001010000
21111,21111,33115,33445,44445|1000000100000010100000010
22333,22335,44135,44155,44455|0001010000001000000101000
31122,31142,33445,33555,55555|0000101000000101000000100
22332,22222,22255,11244,11244|0010010000000100100000001
44442,34442,31422,11552,11555|0010010000000100100000001
55522,44522,45523,22223,22113|0100000010100000000100100
22133,22133,51114,55444,55544|1000000010010000000100100
22222,25144,55144,33444,33344|0000100100100000001001000
54444,55544,33214,32211,32211|0000100100100000001001000
11122,22225,42255,43355,33335|0100000010100000010000001
33344,11344,11144,11122,55522|0010000001010000001010000
55511,32511,32541,22541,22241|0010010000000100100000001
44455,44355,44332,11333,11133|0001001000000010010010000
33442,33442,51122,51122,51111|0100000010100000000100100
44445,11145,11144,22344,23333|0000101000000101000000100
41133,41133,44445,22455,22555|0100000001001001000000010
55122,51122,44332,44433,44433|0010010000000010100000010
11155,32255,33254,35554,55544|0100000001001001000000010
22211,42211,44551,43511,33551|0010010000000100100000001
22224,31124,31144,51544,55554|0001010000001000000101000
22111,55111,55113,55113,44443|1000000100000010100000010
13333,11332,55442,55442,44442|1000000100000010100000010
55522,45532,44112,44112,41111|1000000010010000000100100
31155,31255,31222,33344,33344|0100000001001001000000010
11112,13112,33552,35552,35542|0100000001001001000000010
34441,34441,33341,53342,55322|0100000001001001000000010
33111,51111,55111,22224,22244|1000000010010000000100100
55334,55334,11144,11142,11222|0001001000000011000000100
11111,42223,52223,55223,52233|0010010000000100100000001
54444,55443,52223,55333,55111|1000000010010000000100100
22333,22233,45553,44153,44153|0000101000000101000000100
44411,44111,44311,55332,55332|0001010000001000000101000
11112,11332,11332,15544,15544|0000100100100000001001000
44442,44442,53312,53112,51111|0010000001010000001010000
35422,35442,35542,35541,55511|1000000100000010100000010
11122,11222,11433,15433,55555|0001010000001000000101000
44444,11553,11533,11533,22223|0001001000000010010010000
33444,33441,33441,35211,55222|1000000100000010100000010
22233,22233,44455,14455,11115|0001001000000010010010000
53333,53333,22211,22444,22244|0010010000000100100000001
22222,22223,22533,44133,44113|0100000001001001000000010
33554,11554,11254,22244,22244|1000000010010000000100100
33344,33342,33222,55111,55555|0001001000000010010010000
11113,11113,11223,44253,44453|0100000001001001000000010
11144,11142,33522,33552,33522|0001010000001000000101000
34422,34422,55422,55411,55111|1000000100000010100000010
15555,14442,13322,11322,11322|0001001000000010010010000
31111,33341,33344,32355,22225|0100000010100000000100100
11333,11333,11144,12255,22255|0010010000000100100000001
22221,55441,55341,55544,55544|0100000001001001000000010
11222,13322,55333,55334,55344|1000000010010000000100100
12211,11111,44551,44553,44433|0100000001001001000000010
22444,22211,22211,22531,55533|0010000001010000001010000
33344,33444,53222,55221,55111|0001010000001000000101000
55222,55552,34451,33351,33351|0001010000001000000101000
55511,55311,22311,22344,23344|0010000001100000001001000
24511,24551,24555,44553,44333|0001010000001000000101000
55111,55233,55333,44433,44433|0000100100100000001001000
35511,35211,32214,33114,33144|0100000001001001000000010
54422,52222,51122,51133,53333|0100000001001001000000010
33311,33322,33352,44455,45555|0001001000000011000000100
22333,22233,21544,11554,11555|0000101000000101000000100
32211,32111,35541,35441,35541|0100000001001001000000010
11344,13344,33344,22255,22222|1000000010010000000100100
11111,22113,22333,24433,54444|0001001000000010010010000
55222,55422,55444,13344,11334|0001001000000011000000100
22224,22244,52133,55133,11113|0000100100100000001001000
55222,55222,15223,44433,44433|0100000010100000000100100
44111,44411,33115,33112,33322|0010010000000010100000010
24445,24355,23335,23311,33311|0010000001100000001001000
22211,22221,22225,33355,44444|0001001000000011000000100
55511,55551,55541,35521,32221|0000101000000101000000100
55111,45511,44444,33333,22333|0001001000000010010010000
44422,44442,11444,14433,55533|0000100100100000001001000
11222,14422,14435,11435,13335|0001001000000011000000100
55411,55441,55541,55322,33322|0000100100100000001001000
44555,44553,41133,41122,11222|0010000001100000001001000
14422,14422,13332,13335,15555|0100000010100000010000001
44411,44441,53322,55552,55552|0001010000001000000101000
22555,22555,22433,44433,11133|0001001000000010010010000
22223,42223,44333,14553,11553|0010000001010000001010000
44211,44221,44221,55233,55333|0001010000001000000101000
44444,22244,33555,31155,33111|0001001000000010010010000
33344,33344,24445,21555,11155|0010000001100000001001000
22222,22442,34444,33144,55555|0100000010100000010000001
55511,55511,33441,32444,22222|0000100100100000001001000
41133,41133,42253,45555,44444|0010000001010000001010000
44445,33355,31555,11555,11222|0001001000000011000000100
22222,23455,33455,33115,33115|1000000100000010100000010
55114,55444,55333,23333,22233|0010000001010000001010000
44445,43145,33115,33215,32222|1000000100000010100000010
55511,55331,55433,22433,22233|0001010000001000000101000
32144,31114,35514,55514,55544|0100000010100000000100100
22445,22445,33555,33111,11111|1000000100000010100000010
11222,11222,11352,41355,41355|0100000001001001000000010
44443,12433,12223,12222,11555|0100000010100000000100100
33344,32244,35244,55555,55511|1000000100000010100000010
33444,33444,33424,55511,55551|0010010000000100100000001
22233,22233,44433,11113,55113|0010000001010000001010000
13552,13522,11224,11224,11444|0001001000000010010010000
33555,33555,12155,11111,44411|1000000010010000000100100
33355,34455,31255,31255,11222|1000000100000010100000010
22221,42211,41111,41351,43331|0010000001100000001001000
22111,22211,32251,33554,34444|0000101000000101000000100
33555,33522,44522,44555,11155|1000000010010000000100100
21114,22144,22144,22143,22533|0100000010100000000100100
14444,11422,11522,11533,13333|0100000001001001000000010
22553,22553,22222,44211,44111|0000100100100000001001000
33335,33335,33445,22211,22211|0100000001001001000000010
22222,44112,44455,33335,33555|0100000010100000010000001
11133,11333,54443,54243,22243|0010000001100000001001000
21113,21113,24114,24444,25555|0000100100100000001001000
44422,44425,11455,11335,11135|0001001000000010010010000
51111,44122,44422,43422,33442|1000000100000010100000010
11344,15344,55344,52222,55222|0100000001001001000000010
44455,44445,11115,11335,12335|0000100100100000001001000
51144,55144,32111,32111,32211|0001001000000011000000100
11142,11442,15333,55533,55533|0000100100100000001001000
22551,22551,32554,32254,33244|0100000001001001000000010
55555,55544,22144,22111,22233|0100000001001001000000010
52244,54444,55444,11344,11334|0010010000000010100000010
11554,11544,33344,32244,32244|0001010000001000000101000
22244,22244,22331,22311,52211|0001001000000010010010000
55333,55322,44321,44421,44421|1000000100000010100000010
44422,44433,15533,11133,11133|0001010000001000000101000
44425,44425,44225,11333,11333|0000101000000101000000100
33555,34551,34411,33422,33444|0010000001010000001010000
55533,55143,55144,55144,22244|0000100100100000001001000
32215,32455,34455,34455,34455|0001001000000011000000100
33244,33244,35244,55211,55221|0010000001100000001001000
23355,23355,22354,22444,24411|0100000010100000010000001
22444,22144,22144,55133,55133|0000100100100000001001000
53311,53331,55322,44322,44422|0001010000001000000101000
33555,43511,33331,22211,22211|0010010000000100100000001
44555,44233,44233,11233,11133|0000100100100000001001000
55553,54553,54553,55522,11522|0010000001010000001010000
22222,32221,33221,55551,55444|0010010000000010100000010
55555,55355,33344,22341,22211|1000000100000010100000010
52222,51222,51233,53333,44444|0000101000000101000000100
22333,22333,22441,22411,55411|0001001000000010010010000
33311,33511,33511,45552,44522|0001010000001000000101000
51111,55311,55331,42233,44223|0000101000000101000000100
44455,11555,13333,12222,12222|0100000001001001000000010
44444,33422,33322,55522,11122|0001001000000010010010000
44333,53333,51332,51112,55111|0100000010100000000100100
55511,55511,22411,22411,33333|0100000001001001000000010
44444,45333,55333,55222,11122|0001001000000010010010000
44441,44311,22311,22255,55555|1000000100000010100000010
44111,44211,32225,33555,33555|0100000001001001000000010
55533,52533,12243,11243,11233|0010000001010000001010000
55111,51111,53442,53422,53422|1000000010010000000100100
54442,51112,51112,55122,51133|0100000001001001000000010
33124,33124,31124,11224,11555|0000101000000101000000100
23333,11133,51113,54555,55555|1000000100000010100000010
33333,23143,21145,21445,55555|0010010000000100100000001
12222,42222,44233,45533,55533|1000000010010000000100100
24444,23444,23111,23111,23155|1000000100000010100000010
44455,44255,44455,33111,33311|0000100100100000001001000
22555,44455,11455,11133,11133|1000000100000010100000010
55111,55111,11112,33344,33344|1000000100000010100000010
11444,44444,45534,25534,25534|0100000001001001000000010
44455,44455,41155,22255,22233|0100000001001001000000010
33335,31115,44112,44112,44422|0100000001001001000000010
22214,55214,31114,33111,33111|0010010000000010100000010
11112,55132,54432,44422,22222|0100000010100000010000001
55511,34411,33311,33322,22222|1000000100000010100000010
11122,11122,33552,33455,33455|0100000010100000010000001
22555,23355,23333,24111,44111|0010010000000010100000010
11544,11554,11114,22134,22333|0010010000000010100000010
41111,44413,42211,42511,22555|0100000001001001000000010
21133,21133,21133,24111,44555|1000000100000010100000010
22222,33115,11115,41115,41115|0001001000000011000000100
35555,32224,12244,11144,11144|0001010000001000000101000
44422,44422,11155,11133,11333|0000101000000101000000100
55222,55322,15322,11444,11444|1000000100000010100000010
14444,11142,51222,53332,55322|0001001000000010010010000
55544,55544,21133,21133,22133|0100000010100000010000001
22255,22255,23455,11445,11444|0010000001010000001010000
44111,44111,42115,33155,33355|1000000010010000000100100
55511,55411,33421,32421,32221|0100000001001001000000010
11111,33312,33422,34422,33445|0010010000000100100000001
33555,35555,15554,12244,14444|0100000010100000010000001
45533,44433,44433,44112,11122|0100000010100000000100100
44444,54411,54411,53311,22221|0010010000000010100000010
22111,22214,55554,55334,33344|0001010000001000000101000
33333,52223,52243,52143,55143|0000101000000101000000100
33311,33341,22544,22444,22444|0001010000001000000101000
11445,11555,15555,15253,33333|0001001000000010010010000
25111,21111,23313,33333,33344|0100000010100000010000001
55444,55441,33211,32222,33222|0000101000000101000000100
51112,51112,55442,55552,55333|0100000001001001000000010
34445,33325,33225,31111,11111|0100000001001001000000010
32244,33224,11225,11125,11115|0001010000001000000101000
22344,22334,11333,11135,11155|0001010000001000000101000
11444,11154,31154,32222,32222|0000101000000101000000100
33445,33455,31115,22215,22215|0010010000000100100000001
11254,11254,15554,33354,33355|0010000001100000001001000
33444,33211,33211,55111,55511|0000100100100000001001000
33311,34311,44441,22555,22555|0100000001001001000000010
11114,11124,51224,53224,33222|0000100100100000001001000
33331,33331,55331,55422,44422|0000100100100000001001000
22222,12244,11555,35555,33355|0100000010100000000100100
22333,22133,11143,11143,11155|0010010000000100100000001
33555,33335,33415,44422,44422|0010010000000100100000001
11333,23333,23334,55344,55554|0100000010100000000100100
11112,32222,33222,44225,44225|0001010000001000000101000
33355,33255,32225,34421,33422|1000000010010000000100100
55222,55222,55544,51111,11133|0010010000000010100000010
41222,41222,42222,45533,55533|0100000010100000000100100
31155,33155,33155,22244,22444|0100000010100000010000001
11112,33142,35542,55442,55522|0010010000000100100000001
55444,25444,25333,23333,11111|0100000010100000000100100
11111,11153,22453,22453,22255|0100000001001001000000010
51112,55552,55533,44443,44433|0100000001001001000000010
51112,55542,55544,33544,33344|0100000001001001000000010
55554,55144,51144,31142,33332|1000000010010000000100100
34444,33344,33311,55311,55552|0010010000000100100000001
55333,55533,45533,41122,44222|0100000010100000010000001
55554,55444,32211,22211,22211|0100000010100000000100100
22233,52223,54422,44422,11222|0001010000001000000101000
53344,53334,55331,15121,11111|0000100100100000001001000
55553,55553,11522,11422,11442|0000101000000101000000100
33552,34442,11142,11112,11122|0010010000000100100000001
44444,55544,15543,11133,23333|0001001000000010010010000
33355,33335,33444,22144,22144|0001001000000010010010000
15555,15555,12245,22344,22333|1000000010010000000100100
22222,35542,35441,55111,55111|0001010000001000000101000
55511,55512,44522,44333,33333|0001001000000011000000100
44444,44442,11222,31552,31152|0010000001010000001010000
44115,44115,44115,43355,43322|0010010000000010100000010
55444,55444,33344,11122,11222|0100000010100000010000001
22225,22225,11455,14445,44435|0100000001001001000000010
55333,55111,52211,52214,54444|0010010000000010100000010
44442,55112,55322,55332,55332|1000000100000010100000010
11222,33552,33455,33555,33555|0100000001001001000000010
33355,43355,44315,44111,24111|0010000001010000001010000
33333,55553,55552,15452,44452|0001001000000011000000100
44411,44415,44415,22333,22333|0001001000000011000000100
24111,24411,24411,25411,25333|1000000100000010100000010
33554,33554,11144,11144,11222|1000000010010000000100100
33224,33224,35444,55444,55114|0001001000000011000000100
11333,11334,22234,22224,25524|0001010000001000000101000
55522,55224,33334,33311,33311|1000000100000010100000010
11155,11555,33322,43322,44322|0100000001001001000000010
44222,42222,45511,45511,43331|0001010000001000000101000
44442,44442,55133,51133,11111|0000100100100000001001000
11333,11233,12223,52423,54444|0100000001001001000000010
11112,11152,33552,33322,33344|0100000001001001000000010
11114,33444,33322,55522,55555|1000000010010000000100100
22444,22114,22514,55544,55533|1000000100000010100000010
23333,24431,22221,55251,55551|0001001000000010010010000
23333,22433,22413,22411,55411|0000100100100000001001000
55554,55554,33524,33111,33111|0000101000000101000000100
55555,22555,12253,11133,44333|0001001000000010010010000
34311,33311,33511,35522,22222|0100000001001001000000010
22224,22444,55533,55511,55111|0000101000000101000000100
22233,24333,14353,11353,11133|0010000001010000001010000
11133,41133,44553,55552,55552|0100000010100000000100100
44444,44414,43115,43255,33225|1000000010010000000100100
11145,33145,22245,22245,22255|0010010000000100100000001
24111,24411,33411,33511,33551|1000000100000010100000010
55554,25334,22344,21334,11111|0001010000001000000101000
11111,33221,33244,33335,33355|1000000100000010100000010
42225,42225,44425,11355,11333|0100000001001001000000010
33222,55222,54441,54411,54411|0100000010100000000100100
22211,22211,44551,34455,33355|0010000001010000001010000
33111,33111,55511,55222,44444|0100000010100000010000001
54122,54112,55132,55111,55111|0000101000000101000000100
44411,44113,55233,52223,55223|0001001000000011000000100
44555,44555,44352,41322,41332|0010010000000010100000010
11113,33333,23333,22224,22544|0100000010100000000100100
44222,44422,54122,55112,55133|0100000001001001000000010
11111,11211,42211,42255,33555|0000100100100000001001000
32255,32255,34445,33345,11344|0010000001100000001001000
44455,44455,42255,44351,43355|1000000010010000000100100
22553,24453,24433,11433,11433|0001010000001000000101000
51144,52444,22244,32333,33333|0010010000000100100000001
11122,14122,44445,44455,44335|1000000010010000000100100
22224,22554,11554,11133,11133|0100000001001001000000010
55333,55333,51444,51114,22114|0001001000000010010010000
44435,44435,11155,11255,22255|0001010000001000000101000
32222,33344,33441,33411,35555|0010000001100000001001000
55244,55244,11114,11333,11333|0010010000000010100000010
11332,15552,11152,11122,44422|0001001000000010010010000
44455,44155,44225,22233,23333|1000000100000010100000010
55222,11112,11112,31444,33444|0100000001001001000000010
22255,22215,21115,41445,44433|0100000001001001000000010
55511,55511,45551,43332,44432|0100000010100000010000001
14444,14444,55222,22223,22223|1000000010010000000100100
55113,51133,54112,54112,11122|1000000010010000000100100
55233,11233,11222,11224,11144|0100000001001001000000010
33344,33244,13244,11244,55554|0100000001001001000000010
33344,33334,23344,23111,55555|0000100100100000001001000
45522,45522,45111,44111,44133|0100000001001001000000010
22225,22225,23225,44115,44455|0010000001010000001010000
53111,53311,55555,52244,22244|0100000010100000000100100
22244,32211,35551,35553,33333|0001001000000010010010000
44443,55133,55133,52233,22233|0001010000001000000101000
25555,22253,42233,44113,44411|0001001000000010010010000
44223,44423,44433,11155,11155|0010000001010000001010000
55552,11122,11122,11123,11444|1000000010010000000100100
33551,35551,33551,32541,32441|1000000100000010100000010
11112,41112,41132,45332,55332|0010010000000010100000010
25554,25554,22334,22211,22111|0100000001001001000000010
33511,33511,35511,44421,44421|0010000001100000001001000
11444,11444,15543,22553,22222|0001001000000010010010000
44111,44111,34552,33522,33522|0001010000001000000101000
44442,44222,45212,45212,33332|0010000001010000001010000
55551,55511,54412,55332,55322|1000000010010000000100100
11122,11122,44322,44355,55555|0100000001001001000000010
21115,22115,23155,33345,33445|0010000001100000001001000
33342,33442,11422,11522,11555|0001001000000010010010000
55554,55544,33222,13222,13322|0000101000000101000000100
33333,53111,55444,55244,55224|1000000100000010100000010
35551,33451,34411,24411,24411|0001001000000011000000100
32224,33224,33324,11554,11554|0000101000000101000000100
11333,11533,22553,22554,22554|1000000010010000000100100
33344,33342,33142,55552,55552|0001010000001000000101000
22222,25222,25333,11333,14433|0000101000000101000000100
44115,44115,44415,43335,22233|0010000001010000001010000
14444,11443,11133,12233,22553|0010010000000010100000010
22511,22544,22554,33534,33334|0001001000000010010010000
55511,55511,53331,53244,22244|0010000001010000001010000
53331,51111,54444,52444,22244|0100000010100000000100100
22111,55511,54551,44333,44433|1000000100000010100000010
22555,22111,22144,22234,23334|0001010000001000000101000
11133,11333,55224,55244,55554|0001010000001000000101000
22444,44444,14445,14355,14333|0100000010100000000100100
11144,51224,51222,53222,53332|0001001000000011000000100
11555,45555,45235,45233,44223|0100000010100000010000001
11255,11255,33254,33224,33224|0001001000000011000000100
22225,22355,11335,11334,11444|0000101000000101000000100
44111,44111,33311,25511,25555|0100000001001001000000010
11444,11222,11525,31555,55555|0000101000000101000000100
44331,43311,44521,45522,45522|0000101000000101000000100
14422,14452,14452,33352,33555|1000000100000010100000010
55553,55533,54333,44313,22313|0010000001010000001010000
33314,32314,32244,22254,22555|1000000010010000000100100
34444,34224,32225,32225,31125|0001010000001000000101000
44433,44443,45553,12233,11222|0100000001001001000000010
33333,22551,22511,24441,22444|1000000010010000000100100
34444,33344,12224,52222,55522|0000100100100000001001000
33411,33441,55442,55522,55522|0001010000001000000101000
43333,43323,22221,55551,55511|0001010000001000000101000
44322,42222,44522,11522,15555|0010010000000010100000010
11244,11244,11444,15533,33333|0010010000000010100000010
44555,44455,32225,32111,33311|1000000010010000000100100
11455,11455,33355,33322,33322|0010010000000010100000010
44455,44551,44351,33321,33322|1000000100000010100000010
52211,53331,53411,55444,55444|0010000001010000001010000
22244,21114,23114,23554,55544|1000000010010000000100100
33511,33511,22114,22244,22244|0010010000000100100000001
55544,55144,11144,33224,33224|1000000100000010100000010
44333,44222,44552,55552,11552|0010000001010000001010000
44444,41344,11335,11355,22555|0001001000000010010010000
32444,32444,32554,32511,31111|0100000001001001000000010
33311,34412,55412,55512,55555|0001010000001000000101000
23311,23315,22445,22555,22555|0000101000000101000000100
33354,33154,21154,22155,22155|0000101000000101000000100
55511,22511,22221,33444,33344|1000000010010000000100100
33311,33311,55441,22441,22221|0010000001100000001001000
11111,11222,11442,31455,33355|0100000001001001000000010
11133,11123,44122,45522,45552|0001001000000011000000100
54443,55443,25113,22113,22113|1000000100000010100000010
55333,55555,42211,42211,44211|0010000001010000001010000
53333,55531,55511,54222,44222|0010000001010000001010000
55433,55433,44442,41111,11111|0001001000000011000000100
55222,55552,33552,43412,44411|0000100100100000001001000
43331,45531,45221,44221,44222|0001001000000010010010000
33334,33334,11222,11125,11555|0000101000000101000000100
11122,31122,31112,34415,44455|0001010000001000000101000
44422,11122,55122,51123,55223|0100000010100000010000001
44133,41133,44433,44555,25555|0010000001010000001010000
11555,11255,11255,44435,44435|0000100100100000001001000
44333,43333,53332,13322,11122|0100000010100000000100100
55544,55554,11254,11233,11333|0001010000001000000101000
45513,42213,44213,22211,22211|0010000001100000001001000
44111,54111,54211,53233,53333|0100000001001001000000010
22255,22255,44455,44113,41113|0001010000001000000101000
32211,33211,33444,35555,35555|0100000001001001000000010
55555,33555,33111,44222,44222|0001010000001000000101000
33222,33441,55541,55541,55511|0010010000000100100000001
44222,44222,42215,33255,33555|0000101000000101000000100
44333,44333,44551,24111,11111|0100000001001001000000010
22222,12224,12244,12233,55533|0010000001100000001001000
22111,22154,22554,22355,23355|0010000001100000001001000
55111,55111,21144,21334,22333|0000101000000101000000100
35555,33555,33444,22111,22111|0001010000001000000101000
45552,45522,44332,44332,33311|0100000001001001000000010
33344,11333,11133,11123,55522|0000100100100000001001000
44441,22341,22333,55533,55533|0010000001100000001001000
55555,35555,34455,31111,22111|0001010000001000000101000
35555,31144,34444,22444,22444|0000100100100000001001000
33444,35441,35221,33221,33221|0001001000000010010010000
33334,25534,25554,22554,22114|0001001000000011000000100
33222,33222,33321,35541,35441|0010010000000010100000010
44441,54441,55211,33222,32222|0010010000000100100000001
21111,22133,22443,22255,22555|0100000001001001000000010
44444,14434,11334,11533,55552|0100000010100000010000001
11111,31144,33124,33522,35522|0100000010100000010000001
44222,44222,33222,33115,33555|0100000010100000010000001
55111,55111,35522,33322,33444|0000101000000101000000100
22255,22254,12254,11254,33224|0010000001100000001001000
11222,11552,11332,11333,14433|0000100100100000001001000
33211,33211,22211,44255,44255|1000000100000010100000010
33522,33422,33441,34411,34411|0010000001100000001001000
55444,55144,35144,33244,33222|1000000100000010100000010
55544,33544,33522,33522,33111|1000000010010000000100100
33333,33354,22554,22554,22144|0100000010100000000100100
33122,33122,33155,44145,44445|0001010000001000000101000
21555,21555,24445,24433,24333|0100000010100000010000001
55555,15555,14552,14222,13333|0010010000000010100000010
33334,23334,22234,52244,55111|0100000001001001000000010
22111,22511,45551,45533,44433|1000000010010000000100100
33222,32221,44421,44455,44455|1000000100000010100000010
11115,31155,31125,33425,33445|0000101000000101000000100
44442,44552,44552,11133,11133|0000100100100000001001000
22333,24333,24333,24511,55511|1000000010010000000100100
22222,22255,44435,41131,11111|0010000001100000001001000
13332,13322,15444,55554,55444|0100000010100000010000001
55223,55223,51223,51233,11433|1000000010010000000100100
23551,23111,22211,22241,24444|0001001000000011000000100
54444,55554,11224,11224,33222|0000100100100000001001000
55444,55244,15224,11224,11324|0000101000000101000000100
11111,11441,22333,25333,25533|0000100100100000001001000
55531,55531,44331,44421,42221|0001001000000011000000100
33111,33111,23115,24455,44455|0100000010100000010000001
44444,14444,15553,22253,22253|0010010000000010100000010
44455,31455,31155,32552,22222|0100000001001001000000010
33555,13555,12222,44442,44442|0100000010100000000100100
22222,11555,11113,11113,11444|1000000100000010100000010
11112,33222,55222,55522,54444|0010010000000010100000010
21113,22113,52222,52444,44444|0100000001001001000000010
13333,11322,11355,11455,11444|0100000010100000000100100
34444,33442,33442,35551,35511|1000000100000010100000010
55511,33552,33552,44442,44442|0001010000001000000101000
53311,55311,55522,55222,44422|0100000010100000000100100
55543,55543,11333,11222,11222|0001010000001000000101000
11233,12223,44433,44445,44555|1000000100000010100000010
44442,44442,54442,55433,11133|0000100100100000001001000
33555,35555,21111,22111,22244|1000000100000010100000010
54444,55442,55522,35111,33311|0100000001001001000000010
34511,35551,35551,32221,32211|0100000010100000010000001
44422,44422,41352,33352,33332|0010000001010000001010000
44441,44421,42223,45533,55555|0010000001010000001010000
33333,33313,35113,55114,55224|1000000010010000000100100
33332,33322,33552,11544,15544|0100000001001001000000010
33111,33155,33322,43322,43322|0010000001010000001010000
55522,55522,55524,11524,11334|0001001000000011000000100
44555,44155,44355,22355,22333|1000000100000010100000010
22222,22224,33334,55551,55511|0100000001001001000000010
55555,55222,33332,41112,41112|0100000001001001000000010
44441,44441,42555,32255,33225|0000101000000101000000100
44455,44445,44355,44152,11122|0001010000001000000101000
22255,12245,12445,14435,14435|0010000001100000001001000
11133,11433,11445,12255,22225|0000100100100000001001000
22225,32225,34425,31125,11125|0001010000001000000101000
11223,15333,15333,45433,44444|0010010000000010100000010
31111,35514,35514,35222,33322|0010000001010000001010000
21144,11144,31555,33555,33355|1000000010010000000100100
44441,44441,44331,23311,22255|0100000001001001000000010
33344,33344,53344,52221,52111|0100000010100000010000001
22222,11223,45533,45533,45533|0001001000000011000000100
22311,22311,22555,24455,44555|0010000001010000001010000
33322,53322,55332,11132,11144|0010010000000010100000010
11111,42211,44333,54333,55533|0000100100100000001001000
15555,15555,11152,13452,13444|1000000100000010100000010
15554,11544,21144,22443,22233|0100000001001001000000010
11155,14425,44225,43233,43333|0100000001001001000000010
11144,11444,12244,15233,15223|0001010000001000000101000
55554,55114,53114,53332,55222|1000000100000010100000010
44133,41133,55333,55322,55522|0010010000000010100000010
13333,11355,11335,11442,12222|0100000010100000010000001
44411,44411,42211,22333,55555|0010000001010000001010000
23334,22334,11144,11155,11115|0010010000000100100000001
22255,42255,43155,33111,11111|0010010000000100100000001
55555,15553,11133,44442,44422|0100000001001001000000010
33311,33211,33251,32251,44441|0000100100100000001001000
44222,41122,44555,43555,33555|0000100100100000001001000
55554,11554,11544,33224,33222|0010010000000010100000010
22211,22111,22311,42351,55551|0100000001001001000000010
44442,33242,55222,55522,51122|0001001000000011000000100
11155,22155,32255,33334,33344|1000000010010000000100100
33332,11122,41112,55112,55122|0010000001100000001001000
11144,22145,22245,23335,33333|1000000010010000000100100
11555,11555,11355,11322,44422|0001010000001000000101000
44122,55122,55122,55111,53333|1000000010010000000100100
44411,44433,55433,55422,55222|0001001000000011000000100
33255,33222,13222,12224,11144|0001010000001000000101000
22333,22253,22254,21114,21114|0010010000000100100000001
44211,44211,44443,55533,55533|0010000001010000001010000
55533,55523,54523,11123,11133|1000000010010000000100100
22333,25333,25444,44441,44441|1000000010010000000100100
51111,55111,55144,55344,22244|0001001000000010010010000
33444,33224,55224,55511,55111|1000000100000010100000010
44333,14223,14423,14425,11455|0010010000000100100000001
32225,32225,33155,33115,33444|0100000001001001000000010
33555,41555,41155,44222,44222|0100000001001001000000010
33333,31133,31444,11224,55554|0001001000000010010010000
21111,22111,55433,55444,55544|0010010000000100100000001
55444,55551,55551,22333,22333|0010000001010000001010000
22222,44433,44133,41135,41155|1000000010010000000100100
44412,34452,33352,33355,33555|0001001000000011000000100
11111,51141,51222,52223,55553|0100000010100000010000001
33333,22445,22245,11115,11115|0100000010100000000100100
55533,22513,22113,22213,44443|1000000010010000000100100
33344,33444,33544,22541,22211|0001010000001000000101000
11133,11233,22223,22254,25554|0001010000001000000101000
22444,22133,22111,22211,55511|0010000001010000001010000
44555,44555,44335,44411,42211|0001010000001000000101000
11111,11211,55244,35344,33344|0000100100100000001001000
33333,31432,31432,11532,55555|1000000100000010100000010
11111,21114,23354,23254,22255|0010000001010000001010000
22225,22325,22333,44333,44111|0000101000000101000000100
11555,11555,11552,33422,33442|0001001000000010010010000
55512,55512,44422,44442,33333|0001001000000010010010000
33311,33511,33511,22224,22224|0001010000001000000101000
44433,44423,41113,55513,55533|1000000010010000000100100
44422,11422,11225,33355,33355|0010010000000100100000001
11444,11444,32444,32555,32255|0100000010100000000100100
24441,24411,23311,23355,55555|1000000100000010100000010
55555,55532,51332,51142,54442|1000000010010000000100100
11144,22144,22155,22255,33225|0010000001010000001010000
44111,11122,33222,33222,55555|1000000100000010100000010
33211,32225,33325,33355,33444|0001001000000011000000100
55555,55515,52115,22114,33314|1000000010010000000100100
33344,33444,53444,22111,22111|0010000001100000001001000
21113,22113,22555,45555,45555|0010000001010000001010000
11555,11155,33325,33225,34444|0000101000000101000000100
55555,15553,14433,14423,14422|0010000001100000001001000
11334,11334,51334,51222,51122|0000100100100000001001000
55511,55531,55334,55332,22222|0001001000000010010010000
11444,13335,11135,11135,11225|0001001000000011000000100
11111,14411,44421,34551,33551|0000101000000101000000100
44455,41115,21133,23333,33333|0100000001001001000000010
23333,21133,21135,21335,21144|0010010000000010100000010
11115,31115,32155,22244,44444|0010010000000100100000001
44122,44112,44512,45533,44533|0010010000000010100000010
22224,22224,22144,51144,55533|0100000001001001000000010
22253,12233,11433,11433,14444|0001001000000011000000100
11112,11122,11442,51132,55532|0100000001001001000000010
33333,34433,34425,32225,32215|1000000100000010100000010
22555,12222,11234,11334,11344|0001001000000010010010000
11333,21335,24455,24222,22222|1000000100000010100000010
44455,44455,33555,23111,23111|0010000001010000001010000
22355,23355,23115,44115,44115|1000000100000010100000010
14455,12255,12555,12533,22553|0010000001100000001001000
22221,22411,22411,34455,33445|0000100100100000001001000
43333,22335,22555,22251,22211|1000000100000010100000010
33333,33311,44411,44455,22225|0010000001010000001010000
44422,44435,13335,13555,11555|0001010000001000000101000
11442,11142,55444,55544,33344|0000100100100000001001000
44444,22441,23331,55331,55333|0010000001100000001001000
33334,23344,33544,11544,11444|0001010000001000000101000
43555,43335,22335,21135,22135|1000000010010000000100100
55552,55552,33442,33341,33311|0100000001001001000000010
24441,24441,24541,55533,55333|0000100100100000001001000
55333,55333,55322,41122,44222|0001001000000010010010000
33333,31113,34444,44422,44555|1000000010010000000100100
55555,33525,33524,33124,33444|0100000010100000010000001
33355,33355,34222,14442,11442|0001001000000011000000100
43333,43333,41122,45112,55522|1000000010010000000100100
44455,41455,21445,23445,23335|0000101000000101000000100
22444,22444,25141,35111,33311|1000000010010000000100100
22225,33555,33355,44311,44441|0010000001100000001001000
22244,24444,55114,55511,55533|0100000001001001000000010
22221,22211,44355,44355,44445|0100000010100000010000001
55555,55455,25553,21123,22223|1000000100000010100000010
11555,14455,34455,34422,34222|0100000010100000010000001
22222,52222,51133,51444,44444|0010010000000100100000001
33224,11224,11144,11155,11155|1000000100000010100000010
44155,44155,21111,21331,11111|0100000010100000010000001
55114,55114,35555,32255,22555|0000100100100000001001000
44444,55411,51112,53322,53322|0010010000000100100000001
55111,55111,55223,55423,54423|0001010000001000000101000
55555,24443,21433,21333,21333|0001010000001000000101000
55333,52333,22333,12244,11144|1000000010010000000100100
11144,11444,33345,22355,22335|0001001000000011000000100
11111,12114,22313,22333,22553|0100000001001001000000010
45222,55552,33552,33511,11111|1000000100000010100000010
33115,31115,34115,34555,32222|1000000010010000000100100
33322,33522,35524,55144,55111|0001001000000010010010000
22225,22315,22315,44111,44111|0000100100100000001001000
23444,21114,21155,22155,22555|0100000001001001000000010
44444,24333,21533,21533,21553|0010010000000010100000010
14422,11422,11555,11533,15533|0100000010100000000100100
33344,33544,33551,22251,22211|0001010000001000000101000
44555,43355,33355,31552,11222|1000000100000010100000010
11333,11553,15523,14222,14442|0000100100100000001001000
33311,33311,55444,22444,22224|0000100100100000001001000
22233,22233,44555,44551,44111|0001010000001000000101000
11555,11522,41522,44332,44333|1000000100000010100000010
55511,55511,55221,44321,33331|0100000001001001000000010
22233,22433,24443,22551,22551|1000000010010000000100100
15533,15443,44423,44223,22233|0010010000000100100000001
55544,22144,22144,22334,22334|1000000100000010100000010
33444,53444,53311,52211,55111|0100000010100000010000001
55555,11544,11144,13322,13332|0010000001100000001001000
55111,55133,44433,44232,22222|0010010000000100100000001
51144,51144,55144,53324,55324|0010010000000010100000010
55522,15522,15522,33444,33444|0010010000000100100000001
42211,42211,42221,55223,52233|1000000100000010100000010
11555,41555,41323,44323,44333|0000101000000101000000100
11154,11154,11144,23334,23334|0001001000000011000000100
55555,22254,11444,11443,11333|0001010000001000000101000
55111,25511,22333,22333,44443|0000100100100000001001000
44222,44322,33332,11552,11152|1000000100000010100000010
44221,44221,44551,45511,55533|0010010000000010100000010
55522,55552,55332,41322,41112|0100000001001001000000010
34442,54442,55442,11112,11112|1000000010010000000100100
14444,14444,12445,33555,33355|1000000010010000000100100
33333,22344,22114,22115,22111|1000000010010000000100100
33422,33422,33422,13422,11555|0100000001001001000000010
44433,44443,11553,11552,11222|0001010000001000000101000
22255,22255,41135,41155,41155|0000101000000101000000100
33355,44455,44422,22222,11222|0010000001010000001010000
11155,41555,44555,43325,33322|0010000001100000001001000
22444,25444,25333,22213,22111|0000101000000101000000100
33333,33322,35111,45511,44551|0100000001001001000000010
44455,44445,33441,33322,33222|0001001000000011000000100
35555,34455,34441,34221,34422|0001001000000010010010000
33332,53222,55222,11122,44442|0010010000000010100000010
55533,54533,54555,22551,21111|0001001000000011000000100
42222,44252,33552,33511,33111|0001010000001000000101000
55523,55223,55533,54551,54411|1000000100000010100000010
33344,11344,12224,52522,55522|0100000010100000010000001
13333,12223,11224,11544,11554|0001001000000010010010000
22225,22225,41133,44113,41111|0000101000000101000000100
11144,31444,31224,33255,33555|0100000001001001000000010
44223,44423,11423,55333,55555|0100000010100000010000001
33322,33322,33325,31125,44111|0001001000000010010010000
55544,11144,13344,23333,22223|1000000100000010100000010
55555,33352,33322,44441,44441|0010010000000100100000001
55533,55533,44432,11222,11222|0000100100100000001001000
51144,55144,51144,33112,33322|1000000010010000000100100
33344,33444,51144,51122,51222|0100000010100000010000001
22555,22225,13325,13334,11334|0001010000001000000101000
22255,22255,14435,13335,33335|0100000001001001000000010
11455,11445,33422,33322,33322|0001010000001000000101000
11144,11154,22554,22553,22553|0001010000001000000101000
53222,53111,53314,54444,54444|0010000001010000001010000
11111,14441,33444,35422,55522|0000100100100000001001000
22222,55552,33312,33114,33111|1000000010010000000100100
32255,34455,33445,31445,11145|0010010000000100100000001
44322,43333,55533,11133,11333|0001010000001000000101000
44411,44111,44533,45522,45522|1000000100000010100000010
22211,22211,22333,44533,44555|0001001000000011000000100
44222,44222,54322,55311,55311|0001010000001000000101000
33444,33111,33211,55221,55222|0010010000000100100000001
55544,55344,22331,22331,22111|0001001000000010010010000
55522,55553,41133,44433,44444|0001010000001000000101000
23333,22543,22553,22553,22511|0100000010100000010000001
22221,22211,23341,33551,33555|0000101000000101000000100
44551,44551,33511,23311,22211|0001001000000010010010000
33355,33455,13455,13455,13422|0100000001001001000000010
33222,33222,33221,53411,53111|0001001000000010010010000
55544,55534,11333,21113,21113|0001001000000011000000100
31111,33222,43252,43555,43555|0010000001100000001001000
55555,55511,23511,23441,23441|0010000001100000001001000
55511,55411,55411,24431,24431|0100000001001001000000010
22244,22444,21333,55533,55533|1000000010010000000100100
22214,22314,22314,55314,55314|1000000100000010100000010
35555,34425,34425,33411,33111|0100000010100000010000001
55544,55144,55244,55222,33222|0000100100100000001001000
11144,11134,55124,55224,55224|0100000010100000010000001
41122,44422,44455,33455,33555|0100000001001001000000010
55544,55543,22223,11133,11113|0001010000001000000101000
11444,11544,13524,13524,11122|1000000100000010100000010
22223,22533,25514,55114,55444|0000101000000101000000100
22211,22241,22441,55441,55431|0100000001001001000000010
22111,23155,43155,43333,44333|0100000001001001000000010
33333,55554,11444,11144,22244|0001001000000010010010000
55221,55421,54443,44333,44433|0010000001100000001001000
22211,32251,33255,33555,33445|0001001000000011000000100
41112,41122,44323,54333,54443|0100000001001001000000010
44255,42255,22222,11133,11133|1000000010010000000100100
45555,44444,14442,11332,11122|0001001000000010010010000
13222,13222,11225,41115,44445|0100000010100000000100100
55533,55233,22244,22441,22411|1000000010010000000100100
22333,25333,55133,54111,44411|1000000010010000000100100
33111,33322,33442,53444,55544|0010000001010000001010000
55433,54443,22443,11113,11111|0100000010100000000100100
22255,22433,22133,22133,21111|0000100100100000001001000
55522,44522,41122,11333,11333|0010010000000100100000001
44331,44331,44331,55222,55522|0000100100100000001001000
15522,11522,11522,13544,15554|0010010000000100100000001
11113,44113,44213,44533,55555|0100000001001001000000010
22211,22211,52221,55444,33344|0000100100100000001001000
33331,44111,45511,55522,55222|0010010000000010100000010
11111,11233,11223,51243,55543|0100000001001001000000010
23344,23334,23335,22115,22555|0001001000000010010010000
22444,22555,22223,11133,13333|0010000001010000001010000
44444,33414,33411,33225,33225|0100000010100000000100100
44355,43355,43311,44322,44222|0000101000000101000000100
52222,51122,51532,55532,55444|0000101000000101000000100
44444,24444,23554,33514,33511|0010010000000100100000001
44555,44555,45513,22233,22233|0010010000000100100000001
55222,45222,44331,44311,33311|1000000010010000000100100
22222,22224,21534,11334,13334|0100000001001001000000010
44411,44411,25444,22243,22233|1000000010010000000100100
44455,44455,22411,22113,21113|0100000010100000000100100
31144,33144,33144,55552,52222|0100000010100000010000001
21133,21444,22244,25222,55222|0001001000000010010010000
24444,22544,21555,11133,11133|0001010000001000000101000
33322,33331,33111,55544,55544|0001010000001000000101000
44111,44231,44231,44233,45553|0000100100100000001001000
22222,22211,34411,34555,34444|0100000010100000010000001
41112,41112,44552,55533,55333|0000100100100000001001000
55555,55511,34411,32211,32222|0100000001001001000000010
11111,13333,44522,44552,44442|0001001000000010010010000
23344,22344,22333,55111,11111|0001001000000011000000100
53322,53322,55322,45411,44411|0010000001010000001010000
45221,45211,42211,42233,42333|0100000010100000010000001
34411,34221,33211,33331,33355|0100000001001001000000010
55332,51322,51122,11144,11144|0010000001100000001001000
11222,11122,11133,41553,44443|0001001000000010010010000
22233,22453,22453,25551,25551|0001010000001000000101000
33311,33311,22441,24451,22551|0000101000000101000000100
33335,32355,12555,12254,22244|0100000010100000000100100
22222,52222,54443,55443,11113|0001010000001000000101000
22444,22244,32244,33155,31155|0100000010100000010000001
54411,54411,34412,33222,33222|0001010000001000000101000
11222,11112,44422,44355,43335|0000100100100000001001000
22224,22444,11144,51333,55333|0100000001001001000000010
44444,45514,55211,33211,33211|0001001000000010010010000
42255,44335,33335,33331,33111|0010010000000010100000010
22255,33555,34445,34411,34411|0100000010100000000100100
22222,23333,23111,55444,55444|0100000001001001000000010
22455,22455,44451,44111,44331|1000000010010000000100100
44455,44435,22335,22111,22111|0001010000001000000101000
11144,11143,51133,51222,55222|0000101000000101000000100
33111,33314,34444,22225,22225|0001010000001000000101000
24333,24333,24411,25511,25511|0100000010100000010000001
11133,12233,12223,15543,55543|0000100100100000001001000
52223,52113,51133,54433,54444|0100000010100000000100100
54222,54422,53331,13131,11111|0000100100100000001001000
35555,34445,34441,34221,33221|0001001000000010010010000
55522,53222,53331,33311,33344|1000000100000010100000010
14422,14422,13332,13555,55555|1000000100000010100000010
22222,23544,33544,55551,55551|0100000010100000000100100
33344,33344,22355,21555,21555|0000100100100000001001000
11133,11133,22224,22225,22555|0001001000000011000000100
55524,55524,11444,11333,11133|0001001000000010010010000
55111,55111,44333,43332,43222|0001001000000011000000100
11333,11333,13322,44522,44522|0001001000000010010010000
42211,44211,44311,43351,55555|0100000001001001000000010
33333,55533,55513,22113,22144|0010010000000100100000001
22333,22333,22443,55111,55111|0100000001001001000000010
22211,44441,43355,33355,33355|0010000001100000001001000
33311,33331,43331,45222,55222|0000100100100000001001000
55444,54422,44422,11133,11333|1000000100000010100000010
55555,35544,33322,33122,11112|0100000010100000010000001
44111,44511,35522,33222,33322|1000000010010000000100100
33444,33444,33544,11444,22224|0100000001001001000000010
14222,14445,11444,11144,13344|0010000001100000001001000
33555,33551,32511,22224,22224|0010010000000100100000001
55522,33522,33112,34444,44444|0100000001001001000000010
34422,34422,33422,55111,55551|0010000001100000001001000
55555,15113,11133,41123,44443|0010000001010000001010000
22244,21224,31224,51111,55111|0000100100100000001001000
11222,41122,44445,44445,33344|0001001000000010010010000
55444,35444,31441,11111,12211|0100000010100000000100100
44455,44422,31122,31112,31112|0001001000000011000000100
44551,44511,44113,22223,22222|0001010000001000000101000
11122,11122,14422,15533,55553|0010000001010000001010000
24445,22455,22111,33111,33111|0000100100100000001001000
55444,55544,52241,32221,33211|0001001000000011000000100
22333,22433,24413,55113,55113|1000000100000010100000010
55222,55241,54441,54431,51111|0010000001010000001010000
22222,35555,33345,13341,11111|0010000001100000001001000
55555,55524,15524,15224,11334|0100000010100000000100100
44444,22243,22233,12533,15533|0001001000000011000000100
33444,33314,33311,22551,22555|0000101000000101000000100
44111,44311,44311,24351,22251|0000100100100000001001000
22255,22235,22333,44411,44111|0001010000001000000101000
44445,44355,14333,11333,11322|0100000001001001000000010
55555,33554,33144,22144,22444|0001010000001000000101000
55555,32222,33322,13442,11444|0100000001001001000000010
11222,11144,35544,33544,33554|0010010000000010100000010
22251,22551,25551,23331,33341|1000000100000010100000010
44111,44112,41122,31152,33352|0010000001100000001001000
55222,55552,11443,11443,44443|0001001000000011000000100
11122,11122,34144,34444,33355|0100000010100000010000001
22444,22224,22144,22145,33333|0001010000001000000101000
11222,11122,11145,33445,44445|0001001000000011000000100
33111,33411,34441,35521,35222|1000000100000010100000010
55522,44522,33522,33511,33111|0001010000001000000101000
44411,43411,23111,23355,23355|0010000001100000001001000
41111,44455,34455,34452,34422|0100000010100000000100100
54433,55433,55133,51132,22222|0100000001001001000000010
13224,13224,15554,55554,55554|0100000010100000000100100
55513,45113,44133,22133,22223|0100000010100000000100100
55442,55422,35512,33312,33332|0010010000000100100000001
53334,52234,52214,51114,11114|0001001000000011000000100
11444,22444,22544,55553,55533|1000000010010000000100100
11111,34411,44444,25544,22222|0010010000000010100000010
11553,14553,44453,44422,44222|1000000100000010100000010
44444,53332,55222,55522,11122|0001001000000010010010000
22255,11455,11445,13444,33444|0010010000000010100000010
44444,44441,24311,22331,55311|0010000001100000001001000
22233,45233,45213,45113,55113|0010010000000100100000001
33344,33144,11155,11122,11222|0000101000000101000000100
44221,42221,42331,44441,44555|0000101000000101000000100
14225,14435,14435,14434,14444|0010000001100000001001000
45533,45533,44333,14422,11122|0010000001010000001010000
55114,33314,33314,33314,22224|1000000010010000000100100
33331,44221,54221,55511,55555|0001010000001000000101000
11111,11441,55511,55333,22223|0000100100100000001001000
55333,55331,24111,22111,22221|1000000010010000000100100
11111,31114,51144,55522,55522|0010010000000100100000001
33222,33222,33455,34445,31111|0010010000000100100000001
45555,44455,44333,13333,12233|0001001000000011000000100
22222,21122,33144,35544,35544|0000101000000101000000100
25555,22555,33411,33444,44444|0010010000000100100000001
12222,12224,11144,11554,33355|0010000001010000001010000
33333,24444,22144,21155,55555|0100000001001001000000010
44555,44555,34455,31115,31122|0100000010100000010000001
11222,11222,33452,33352,33552|0100000001001001000000010
11114,11544,31544,35522,35222|0010000001100000001001000
33344,22544,25544,55511,55511|0010010000000010100000010
22222,53332,55322,55511,44411|0000100100100000001001000
33111,23315,23355,23455,44455|0001010000001000000101000
43331,44111,44411,24455,24455|0100000001001001000000010
33322,33522,35555,45511,44441|0000100100100000001001000
55511,35111,11114,11444,12222|0010010000000010100000010
11111,11155,22145,22345,22344|0100000010100000010000001
11133,51533,55534,24444,22444|0100000001001001000000010
44222,41222,41222,41253,45553|1000000010010000000100100
22333,22233,24455,24411,44411|0010010000000100100000001
33333,23233,22211,24551,44451|0010010000000010100000010
45555,35555,33222,33111,31111|1000000100000010100000010
34411,34411,33511,55511,55222|1000000100000010100000010
41112,44222,44332,55333,55333|0010010000000010100000010
11133,11133,11243,22243,55553|0000101000000101000000100
21115,22255,22455,32444,33334|0100000010100000000100100
52222,52222,55243,11443,11144|1000000100000010100000010
55111,55211,52243,32233,33333|0010010000000100100000001
44441,54441,54421,53321,53333|0000101000000101000000100
33311,33311,23355,23355,22455|0001001000000011000000100
33333,53221,55211,54411,44411|0000100100100000001001000
11111,11131,54432,54442,55542|1000000010010000000100100
44233,44223,44553,41133,41113|0010010000000100100000001
44533,44533,45523,15523,15523|0000101000000101000000100
11144,11224,33224,33555,33555|1000000100000010100000010
11333,11333,25534,55544,55544|0100000010100000000100100
44433,45333,55333,15222,11222|0010000001010000001010000
11555,13555,13355,33222,44222|0001010000001000000101000
22444,22444,52133,52233,55533|0100000001001001000000010
53333,55133,25111,25441,24444|0000101000000101000000100
32222,33322,33355,13333,11444|0000101000000101000000100
34111,34441,34422,35222,35222|0001010000001000000101000
55444,55444,51442,51332,11333|1000000100000010100000010
22244,22244,33244,33254,11555|0010000001010000001010000
22244,22244,33114,33554,33555|0100000001001001000000010
55555,31452,31422,34422,33422|0001001000000011000000100
22233,55223,55133,55144,55444|0100000001001001000000010
55221,52211,52111,33111,34441|1000000100000010100000010
44422,44322,41333,11133,55553|1000000010010000000100100
22111,22111,55144,55544,33334|1000000010010000000100100
33344,25444,25544,11545,11555|0010010000000100100000001
44442,45122,45122,11123,11133|1000000010010000000100100
33222,33424,33444,13445,13555|0001001000000011000000100
33322,34322,34555,55555,55111|1000000010010000000100100
22222,22125,33355,33355,44455|0000100100100000001001000
11122,11112,55411,55553,55333|0001010000001000000101000
55555,44522,44522,43331,44111|0010010000000010100000010
22555,23355,23315,44111,44411|1000000100000010100000010
44555,42555,22111,23311,33311|1000000010010000000100100
11111,14115,34515,34555,33222|0001001000000011000000100
41133,44113,44113,54223,55222|0000101000000101000000100
33322,33122,11122,11445,11445|1000000010010000000100100
44444,55444,55411,33421,33222|0000101000000101000000100
22223,22233,52411,55411,55441|0000101000000101000000100
54444,51144,52224,52224,33224|0000100100100000001001000
11533,11533,15532,45222,45522|0100000001001001000000010
44555,42255,42255,44415,33111|0000100100100000001001000
44222,44222,44332,44411,55411|0001010000001000000101000
44222,55523,53333,55113,55113|0100000010100000010000001
41115,43355,44355,55552,55552|0001010000001000000101000
15533,15533,13332,14422,44422|0010010000000100100000001
43222,43225,44225,11115,11115|0100000010100000000100100
11111,11124,11224,55524,55533|0100000001001001000000010
22255,22255,12455,12453,11153|0001010000001000000101000
55522,45522,44422,11223,11133|0100000010100000000100100
25555,22255,21144,31144,33144|0000101000000101000000100
55444,55222,55122,33122,31112|0001001000000011000000100
32222,33244,33555,33555,33115|0100000010100000000100100
55555,35555,35444,33321,22221|0001010000001000000101000
33334,15534,15534,11222,11122|0010000001010000001010000
43333,43333,45113,45111,42221|1000000010010000000100100
55443,55533,52531,22551,22251|0010010000000100100000001
11555,22555,22555,22333,23334|0100000010100000010000001
22111,22511,32511,34444,44444|0100000001001001000000010
22222,22255,32251,33251,33411|0100000010100000000100100
15544,15544,11444,21334,22334|0010000001010000001010000
22551,22551,22351,44311,44331|0001010000001000000101000
11555,11555,44423,44223,44333|0010010000000100100000001
22211,22211,44111,44533,44533|0100000010100000010000001
44311,44311,44311,55312,55222|0001010000001000000101000
22223,55433,44433,11433,11113|0001010000001000000101000
44445,44445,21115,22225,33225|0010000001010000001010000
55444,53344,52244,22211,11111|1000000100000010100000010
44445,21145,11155,33155,33555|0001010000001000000101000
54444,55544,55552,11222,13322|0001001000000011000000100
25511,22531,22331,22334,22344|0100000001001001000000010
55111,55514,35524,33322,33322|0010000001010000001010000
22221,53311,53311,53344,33344|0010010000000010100000010
33111,33111,44444,44554,44552|0100000010100000010000001
22223,22223,14443,15444,15554|0000100100100000001001000
33333,11345,11345,12245,22225|0100000010100000000100100
54444,55543,55543,22333,21111|0001001000000011000000100
44555,44455,44452,33422,33112|0001001000000011000000100
11555,11533,12333,22433,22433|0001001000000010010010000
33411,33441,33241,55441,55444|0100000001001001000000010
22225,33255,33115,33444,33444|0100000001001001000000010
11222,11122,11132,54222,44442|0000101000000101000000100
44445,44555,21113,21113,22111|0100000010100000000100100
54422,51222,51111,31133,33333|0100000010100000010000001
33344,33444,55444,11144,11222|0100000010100000010000001
33333,35553,22213,22243,22443|0000101000000101000000100
44444,44145,44445,43335,33225|1000000100000010100000010
25555,22255,22251,42331,42311|0001001000000011000000100
44555,44455,41433,44423,44222|1000000010010000000100100