41111,44111,45233,25233,22233|1000000010010000000100100
33444,33444,55114,55512,55512|0001010000001000000101000
22444,25444,55111,33311,33311|1000000010010000000100100
33311,33211,42211,42225,42255|0100000010100000000100100
11322,11322,51142,55544,55444|0010000001010000001010000
11144,11144,51133,55223,55522|0001001000000010010010000
11111,44431,44521,45522,22222|0100000010100000010000001
53222,53332,55334,55134,11114|0001001000000011000000100
42221,44411,54443,55443,55444|0100000010100000000100100
22255,22455,44433,41133,11133|0001010000001000000101000
35555,34444,34444,34111,33222|0100000010100000010000001
11334,11234,11254,12254,22254|0010010000000100100000001
44553,44533,44441,42221,41111|0000100100100000001001000
11114,21144,22114,23355,55555|0010010000000010100000010
33335,33355,12555,11154,11111|1000000010010000000100100
15222,15244,15334,11334,33334|0001001000000011000000100
22255,11255,11255,44335,44335|0010010000000010100000010
22221,25224,25544,23534,23334|0000101000000101000000100
22224,35544,35544,35554,31114|0010000001100000001001000
22244,52243,55233,55113,11111|0001001000000011000000100
54221,54441,54433,55433,55533|0010000001010000001010000
55555,33554,33344,23444,33111|0000101000000101000000100
22222,11444,13344,53544,55544|0001010000001000000101000
55333,54122,44112,44111,44111|0010010000000010100000010
22224,22544,55541,55531,53331|1000000010010000000100100
55333,55133,51133,22444,24444|1000000100000010100000010
55555,55511,23311,23311,33344|0100000010100000010000001
11122,11122,44155,44335,43335|0001001000000010010010000
33333,34412,44412,44412,44552|1000000010010000000100100
55534,55334,11133,11223,12223|0000101000000101000000100
22113,55113,55111,55444,55444|0100000001001001000000010
15533,15553,44553,44553,22223|1000000010010000000100100
44322,43322,43552,55552,11112|0010000001100000001001000
22311,22311,22331,23355,44445|0010000001010000001010000
22555,22333,22234,11144,11144|0010000001010000001010000
11133,11233,11223,44253,44555|1000000100000010100000010
45555,45515,44515,34522,33322|0100000010100000000100100
52222,55555,55515,33114,33144|0010010000000100100000001
33334,33344,53342,53322,55112|0100000010100000000100100
11111,21141,22344,55344,55444|0001010000001000000101000
31444,31444,31124,35522,55522|0100000010100000000100100
33334,33334,33314,52244,52222|0000101000000101000000100
33111,33155,33555,44422,44422|0010000001100000001001000
24445,24455,23555,22211,22211|0010000001010000001010000
55511,44411,33311,33332,33322|0010010000000010100000010
44111,31111,33255,22225,22225|1000000010010000000100100
24455,24443,22143,22113,22113|0001001000000010010010000
53333,55553,55443,15523,12223|0000101000000101000000100
31111,31244,22254,22554,22554|0010010000000010100000010
11333,41113,44333,44555,42225|0000100100100000001001000
55433,55443,55433,25233,22213|0100000001001001000000010
33355,33355,44355,44211,44221|0100000010100000000100100
44444,44554,41533,41332,33332|1000000010010000000100100
23322,22222,22112,25114,55444|0010010000000100100000001
22155,22115,33335,43335,44435|1000000010010000000100100
33334,13344,15554,11544,12554|0001010000001000000101000
35551,35551,32211,32211,44441|1000000010010000000100100
55112,55332,45332,44333,44443|0010000001010000001010000
11222,14422,14332,44332,44555|0100000001001001000000010
22211,22311,22341,55441,55441|1000000100000010100000010
22333,22333,21334,22254,22554|1000000010010000000100100
44444,42224,12255,12255,13355|0000100100100000001001000
33355,33351,32221,33221,33444|1000000010010000000100100
14444,11224,11111,33335,33335|0100000010100000000100100
22255,22555,31555,31445,34445|0010000001010000001010000
11522,11522,14522,14442,13332|0010000001100000001001000
33344,33344,55111,55511,55222|0001001000000011000000100
22233,22233,11222,11524,11544|0100000010100000010000001
11155,11555,24533,24433,22433|0100000010100000010000001
44111,44111,44413,22253,22255|0010010000000010100000010
21144,21144,21144,51334,55333|0010000001100000001001000
22155,22145,22145,33444,33344|0010000001010000001010000
54444,55442,55222,15322,11332|0001001000000011000000100
44111,44111,44233,44253,55555|0001010000001000000101000
33333,23333,22441,24441,25511|0001010000001000000101000
33335,13335,11425,44425,44455|0010010000000100100000001
11122,11132,33332,33344,55555|0000100100100000001001000
35511,35511,35244,32224,33334|0001001000000010010010000
55222,55233,55233,55211,44111|0010000001010000001010000
33344,33324,11224,11555,11155|0001010000001000000101000
33552,33552,31555,11145,11444|0000100100100000001001000
33333,31155,31112,11222,14444|1000000010010000000100100
44444,44341,22311,22351,22251|1000000100000010100000010
22111,52111,55551,44453,44433|1000000010010000000100100
11111,55442,55443,54443,44333|0100000001001001000000010
55442,53112,53111,33111,33111|0010000001100000001001000
55552,55522,45522,44123,44133|0100000010100000010000001
44222,44442,33222,31552,31555|0000100100100000001001000
11111,11114,12224,55534,55533|0010000001010000001010000
33333,53332,13322,11144,11144|0010010000000100100000001
11155,13555,13442,13442,14442|0001001000000011000000100
22222,53222,53321,54111,44111|0001010000001000000101000
14444,14222,12233,55333,55333|0001010000001000000101000
11111,33331,44551,44452,22222|0010010000000100100000001
11222,13444,13444,11455,55555|0001001000000011000000100
54433,54433,55233,55513,51113|0100000001001001000000010
31111,33341,33511,33555,55522|0100000010100000010000001
44455,44455,12255,12223,11223|0100000010100000000100100
55511,51111,31224,33224,33334|0001010000001000000101000
34445,33445,33445,22245,11145|0001001000000010010010000
44421,44111,55511,55551,33355|0001001000000010010010000
22113,22113,24433,44553,45555|0010010000000100100000001
55333,55322,44322,44311,44411|0100000001001001000000010
54444,54444,51244,51233,11333|0001010000001000000101000
22225,11225,14455,14455,33444|0001001000000010010010000
33333,33344,22344,25114,25511|0010000001100000001001000
55555,55352,33352,31441,11111|0010000001100000001001000
43331,44331,42331,52222,55522|0000100100100000001001000
33111,11111,44112,44422,44455|1000000100000010100000010
44455,44452,45552,41332,11132|0001001000000010010010000
11111,41133,42533,52533,55555|0010010000000100100000001
11444,14444,34555,32255,32255|0100000010100000010000001
55331,55311,44311,44311,44222|0001001000000011000000100
55554,51334,11344,11122,11122|1000000100000010100000010
55552,55322,55122,55142,11142|0000100100100000001001000
33111,33111,33344,35444,35222|0010010000000010100000010
11444,11444,22244,55244,55333|0100000001001001000000010
33211,33211,33212,35222,35544|0010010000000100100000001
33322,33312,55342,54442,54422|0100000010100000010000001
33311,33311,33541,44441,44222|0100000001001001000000010
44442,33422,33112,33115,33555|0100000001001001000000010
22225,42355,43355,13115,11115|0001010000001000000101000
33331,22311,22211,45551,44441|0010010000000010100000010
55511,55511,55552,53452,33322|0001001000000010010010000
33322,31422,11455,11555,11555|0001010000001000000101000
55244,55222,51133,51133,51111|0000100100100000001001000
33333,33355,31355,32244,32222|1000000010010000000100100
44433,44431,44431,22511,22555|0001001000000011000000100
11133,11113,12223,14455,44455|0010000001010000001010000
43331,44551,44221,42221,44421|0100000010100000010000001
33322,33122,33224,32255,33255|1000000100000010100000010
11333,11555,11125,11222,44444|0010000001010000001010000
11111,31114,33344,55544,55522|0010010000000010100000010
55115,35555,33455,22455,22225|0001010000001000000101000
52222,53222,53221,53311,33344|1000000100000010100000010
22211,52331,55534,55444,54444|0000101000000101000000100
14333,14443,11222,55222,55222|0000100100100000001001000
42221,44411,44115,44155,43333|0100000010100000000100100
22222,33351,33554,33444,33444|0100000001001001000000010
55554,55544,11123,11333,11333|0000101000000101000000100
44423,51223,51333,51333,11133|0100000010100000000100100
44442,44422,33411,33441,35555|0000101000000101000000100
11533,11533,11233,11244,22244|0010000001010000001010000
11444,11444,12224,15334,15333|0010010000000100100000001
44222,14222,15552,55555,53335|0100000010100000000100100
14442,11112,55133,55533,55333|0100000001001001000000010
42222,44231,33331,33551,33311|0001001000000010010010000
54422,34442,33222,33311,33111|1000000100000010100000010
55533,51113,51514,55514,22214|0001001000000010010010000
33332,11122,41422,44422,55522|0001001000000010010010000
55111,55511,55522,44433,44433|0010010000000100100000001
51144,55144,22111,23331,22231|0001001000000010010010000
11144,55544,33334,33334,32224|1000000100000010100000010
11111,11433,22453,22553,22253|1000000100000010100000010
22211,24411,24411,34411,35555|0100000001001001000000010
22222,22444,22433,51133,55553|1000000100000010100000010
44444,45411,55511,22233,22233|0100000010100000000100100
11133,55233,52243,54244,54444|0100000001001001000000010
11133,11133,15333,15432,44422|1000000010010000000100100
33444,33444,21155,22255,22225|1000000010010000000100100
14255,11225,12233,13333,13333|0100000001001001000000010
34222,34111,31111,33555,35555|0001001000000011000000100
22244,22244,33245,31115,11155|0100000010100000000100100
33322,43222,43255,43555,44115|0100000010100000000100100
31225,31122,31122,34442,44422|0000101000000101000000100
11123,11113,11133,44553,44555|0001001000000011000000100
11115,21155,23355,33453,33333|0100000010100000010000001
25555,21115,22115,22223,22443|0100000010100000000100100
55511,55311,55311,43322,44422|0000100100100000001001000
23331,25511,22511,22444,22444|0100000001001001000000010
44422,44422,44223,55133,51133|0001001000000010010010000
55511,55211,55211,33114,33314|0001010000001000000101000
55244,55224,31114,31114,33311|1000000010010000000100100
22444,22411,23511,23551,33311|0001010000001000000101000
33311,22335,22335,24355,24355|0001010000001000000101000
44444,44111,22331,22335,23355|0100000010100000000100100
55111,55131,21131,21433,24433|0000101000000101000000100
11444,14444,15552,15522,15533|1000000100000010100000010
54444,55144,55122,53122,53222|0000100100100000001001000
12553,12533,12222,14442,11444|0010000001010000001010000
11333,11132,11222,15522,15544|0010010000000010100000010
41111,44421,54522,55533,55533|0010010000000100100000001
43333,11333,11355,11255,11225|1000000010010000000100100
33555,23555,22554,21114,11114|1000000010010000000100100
44555,44555,44111,43332,43322|0001010000001000000101000
33111,53112,54112,44422,44422|0100000010100000000100100
55554,23554,13354,13354,11114|0001010000001000000101000
32222,33312,33311,44411,44511|0001001000000011000000100
22244,32444,32214,35554,55555|0000101000000101000000100
41111,44133,44333,44235,42255|0100000010100000010000001
51133,51143,55143,55522,52222|0000101000000101000000100
22255,21155,21445,44443,44443|1000000010010000000100100
23333,23444,23444,24445,11155|0001010000001000000101000
22222,21133,41133,41153,41155|0010000001100000001001000
33333,13335,11235,42245,44445|0001010000001000000101000
11222,11422,11444,11433,55533|0000100100100000001001000
22222,22244,11144,55534,55544|0010000001100000001001000
33355,33354,12244,12244,12244|0000100100100000001001000
11333,11433,44435,44255,44555|0100000010100000010000001
33355,33555,22251,42251,44211|0001001000000011000000100
15555,11114,11334,11333,12222|0010000001100000001001000
32222,32422,34444,11555,15555|0010010000000100100000001
34444,33554,33155,22115,22255|0001010000001000000101000
11155,11553,11553,44555,44222|0100000001001001000000010
44433,44333,11155,21155,21555|0100000001001001000000010
55514,33114,33244,22224,22224|1000000010010000000100100
22244,12244,11224,35234,33333|0010010000000010100000010
11111,11133,44433,44432,55552|0100000010100000000100100
33222,33222,33152,31154,31144|0010010000000100100000001
22222,33251,33351,33351,44444|0010000001010000001010000
31144,31124,31124,33524,33554|0100000010100000010000001
14422,12222,11123,11133,55533|0100000010100000000100100
22244,22235,33335,11135,11155|0001010000001000000101000
33355,13355,13335,14422,44422|0001010000001000000101000
33331,32221,32255,33455,44444|0000101000000101000000100
55544,25444,23311,23311,22211|1000000010010000000100100
22255,22554,22444,32222,11111|0000101000000101000000100
55533,55333,15422,11422,11122|0001010000001000000101000
22115,44155,43155,33155,33333|0100000010100000010000001
22333,24355,24455,14455,11115|1000000100000010100000010
55343,55333,15553,11222,11222|0001001000000011000000100
44441,44441,22441,52535,55555|0000100100100000001001000
44222,44423,41223,41223,44555|1000000010010000000100100
11333,11324,22224,22255,55555|1000000100000010100000010
44443,44443,52133,55111,55111|0010000001010000001010000
22533,22553,44113,44111,44111|0010010000000010100000010
43333,44113,44255,44225,42225|0100000010100000000100100
55333,51144,51114,22111,22211|0010000001100000001001000
55442,55442,55332,11133,11133|0000100100100000001001000
11455,14455,14453,22233,22233|1000000010010000000100100
33332,33312,33112,44455,44455|0100000001001001000000010
24444,22444,23355,23335,11355|0001001000000010010010000
11555,11555,13225,43223,43333|0100000001001001000000010
12222,14553,14433,11433,13333|0100000010100000010000001
11333,11553,11552,11452,44422|0001010000001000000101000
44555,45555,21115,21223,22233|1000000010010000000100100
11133,11133,15533,22544,44444|0100000001001001000000010
22444,33444,33455,14445,11155|1000000010010000000100100
33355,33155,33155,44125,44125|0000100100100000001001000
34444,31444,31224,35224,55555|0000101000000101000000100
13355,13355,11355,44422,44422|1000000100000010100000010
33331,32221,42221,55521,55555|0010000001100000001001000
33555,33555,11115,14422,44422|1000000010010000000100100
55555,15334,15334,15224,11222|0100000001001001000000010
55533,55223,11223,41111,44111|0100000001001001000000010
44555,44255,42233,41133,44133|1000000010010000000100100
22555,22531,22531,22331,24431|0010000001100000001001000
55444,55444,25333,22331,22311|0100000010100000000100100
53222,52221,55521,54411,44411|0100000010100000010000001
11443,14423,14223,14555,44555|0000101000000101000000100
22221,22221,54411,55433,55433|0010000001010000001010000
44255,44255,44133,44133,41133|0010000001100000001001000
33355,33335,33225,12244,11444|0100000001001001000000010
51111,55521,55221,33224,33344|0100000010100000000100100
22221,22221,53341,55341,55541|0010000001010000001010000
55511,55411,54433,54422,22222|0001001000000010010010000
55333,55223,52244,51114,51114|0001010000001000000101000
12222,11222,11233,44443,44455|1000000100000010100000010
11111,33331,55522,55524,55554|0010010000000100100000001
21155,21115,21115,23335,44335|0000100100100000001001000
11444,11145,11145,13442,33322|0010010000000010100000010
22255,22555,23334,21144,11144|0010000001010000001010000
11113,51133,55333,52244,55544|0010010000000010100000010
55334,55534,55444,11142,11122|0001010000001000000101000
34444,33445,22255,22555,21115|0001010000001000000101000
55222,55444,33444,33311,33111|0010010000000010100000010
44422,44112,44512,45511,45333|1000000100000010100000010
11555,11522,14222,44444,33444|0001001000000010010010000
44443,44443,54233,52211,55111|0100000001001001000000010
22222,44432,44432,55512,55111|0100000010100000010000001
22222,13344,11144,55544,55544|0000100100100000001001000
55544,53111,53211,52211,52111|0001001000000010010010000
44433,44333,44442,55512,55111|0001001000000011000000100
22244,33444,33444,33511,33511|0100000010100000010000001
44111,54111,54233,44223,44233|0001010000001000000101000
33333,55123,55222,44222,44222|0000100100100000001001000
44555,44455,14425,12223,11223|0100000010100000000100100
33325,33225,33221,44211,44111|0000101000000101000000100
55533,55133,55111,42211,42211|0001001000000011000000100
11111,11145,44445,43335,22222|0010000001010000001010000
42223,42553,42553,11153,11333|0010010000000100100000001
22443,24443,25555,22115,22115|0000101000000101000000100
33331,33331,33411,55441,55222|0100000001001001000000010
33344,33344,11244,12244,12225|0100000010100000010000001
11155,11144,22244,32244,33244|0001001000000011000000100
21133,21133,11155,11155,14444|1000000010010000000100100
55222,55222,11422,44433,33333|0100000010100000010000001
44444,53444,33122,33122,31111|0010010000000100100000001
11555,13555,13552,33352,33342|1000000100000010100000010
11555,12224,11224,13324,33344|0010010000000100100000001
31222,31222,32225,55555,55544|0100000010100000010000001
44444,44454,34455,31125,31222|0100000010100000010000001
33222,33224,35524,11524,11544|0001001000000011000000100
35555,31152,33152,44422,44422|0000100100100000001001000
22111,55511,53331,53441,55441|1000000100000010100000010
33555,13355,13355,14322,14222|0001010000001000000101000
35555,33355,43322,41112,41112|0000101000000101000000100
33322,43352,33352,31112,31122|0010010000000100100000001
11122,11112,11533,55544,54444|0000101000000101000000100
44422,44422,34422,34511,34551|0100000010100000000100100
33311,33311,33441,55552,55222|0001010000001000000101000
33333,44355,44355,44112,41111|1000000010010000000100100
44111,44511,45533,42232,42222|0000100100100000001001000
22111,22133,22333,25544,55544|0010000001010000001010000
44455,41125,41325,11335,33333|1000000010010000000100100
33333,22223,12255,11155,11444|0000101000000101000000100
13334,13544,15544,15554,12222|0010000001100000001001000
11233,14233,14443,15443,55444|0010010000000010100000010
44444,22431,22331,22511,55555|0100000010100000000100100
32222,33312,33115,44455,44455|0100000010100000000100100
22255,22225,22444,12344,13344|0001001000000011000000100
44222,41122,11112,33332,35555|1000000100000010100000010
22211,22311,33311,33354,34444|0010000001100000001001000
33522,33522,32224,32244,32111|0010010000000010100000010
52222,22222,33441,44411,44411|1000000010010000000100100
44455,42255,32215,33111,33331|1000000010010000000100100
55522,44552,14355,11355,11335|0001010000001000000101000
35511,33311,34444,24444,22444|0010000001100000001001000
44443,44133,24333,22253,22255|1000000100000010100000010
22211,22221,33334,33544,55555|0001001000000011000000100
33355,33355,11224,11224,11114|0001001000000010010010000
44333,22233,12555,12555,12255|0100000010100000000100100
33224,33344,53444,55111,55111|0010010000000010100000010
22224,22244,32255,32115,32215|0100000010100000010000001
22222,21233,21133,44445,44445|1000000010010000000100100
55511,45511,44221,44222,33222|0010000001010000001010000
22221,55111,55411,44413,44413|1000000010010000000100100
22111,22111,22113,44433,55533|0001001000000011000000100
22444,22244,25511,25333,23333|0010010000000100100000001
11155,41255,42253,44333,33333|0100000001001001000000010
11114,13344,13322,33322,55522|0000100100100000001001000
22333,22333,25113,55114,55114|1000000010010000000100100
22223,22223,21133,21155,44444|0010000001010000001010000
33311,33111,33211,55444,55444|0100000001001001000000010
55133,52111,52111,55541,54444|0001001000000011000000100
44444,25133,25133,25111,22111|0000101000000101000000100
11122,11122,55544,55533,55333|0000101000000101000000100
55511,55511,55312,33322,33444|0001001000000011000000100
11111,22211,22315,33315,33445|0001001000000011000000100
22211,22551,44555,44555,33333|0001001000000011000000100
55555,55533,22433,22413,22111|0100000001001001000000010
53322,53222,53221,54111,55111|0010010000000100100000001
15555,11155,44433,44433,22233|0001001000000010010010000
33332,55332,15542,15444,14444|0100000001001001000000010
22222,13355,11155,44155,44455|0001001000000010010010000
35555,35555,31255,31254,31254|1000000010010000000100100
33322,33321,55541,55541,55444|0001001000000011000000100
22244,11244,15544,15544,55334|0010010000000010100000010
55511,55221,55223,44433,44443|0001010000001000000101000
33333,33433,44422,45512,55511|1000000100000010100000010
33334,33334,25114,22214,22244|0010000001010000001010000
22255,25555,33311,33311,44311|0010000001010000001010000
25553,24333,24433,24433,11433|0001010000001000000101000
11144,11144,11133,55223,55223|0001001000000010010010000
33322,33422,33441,33341,55544|0001010000001000000101000
55522,55542,55442,11333,33333|0100000001001001000000010
22255,22235,22335,23334,11133|0001010000001000000101000
33555,34455,24442,21112,22222|0010010000000100100000001
55422,55422,34421,34111,33111|0100000001001001000000010
55444,55544,55541,33321,33321|0010010000000010100000010
22444,24411,22411,22433,25433|0010000001100000001001000
55555,41155,41152,44442,33342|0001001000000010010010000
55555,35554,33554,32144,32114|0010010000000010100000010
44444,43341,22311,25311,55511|0000100100100000001001000
44411,44411,44211,33255,33255|0100000001001001000000010
11115,11115,22255,32355,33344|0100000001001001000000010
33311,33311,42211,44255,44255|0010000001010000001010000
33344,23445,22555,22215,22111|1000000010010000000100100
11155,11152,44332,44422,44222|0001010000001000000101000
33311,43511,45512,45512,44522|0001001000000011000000100
33444,33424,33421,35421,33311|0010010000000100100000001
44222,43333,44443,14455,15555|0000101000000101000000100
22335,42355,44445,44415,44415|1000000100000010100000010
33344,33344,13334,12254,12554|0000100100100000001001000
33355,33355,33111,33114,22224|0001010000001000000101000
44444,44543,22533,22111,22111|1000000100000010100000010
22344,22444,22444,22454,21154|0010000001100000001001000
22255,22355,22211,44411,44411|0000100100100000001001000
14444,11144,11334,22333,22255|0010010000000100100000001
55555,55322,53322,44112,44112|1000000100000010100000010
11122,11122,35444,35544,35544|0000100100100000001001000
55552,55552,55332,11422,11422|0000101000000101000000100
22333,52333,52231,44411,44411|0001010000001000000101000
21111,22115,22233,22233,44443|0010000001010000001010000
44444,11224,11225,31255,33555|0000101000000101000000100
33311,23311,23311,44551,44551|0010010000000010100000010
44222,43511,43511,43555,43335|0010000001010000001010000
44444,55114,55114,33112,33222|0001010000001000000101000
33333,33355,11155,22145,22244|0010000001100000001001000
44255,44255,44255,11355,11333|0010010000000010100000010
23333,22233,22551,42554,44444|0001001000000010010010000
22554,22544,21144,21334,21333|0010000001010000001010000
11222,11222,13542,33542,34442|0100000001001001000000010
22211,22215,22555,44553,44433|0001010000001000000101000
22111,22211,44455,44445,43355|0001010000001000000101000
53334,51134,55334,55334,55234|0000101000000101000000100
14444,12444,12555,13555,13333|0000101000000101000000100
22224,22244,22555,32511,32111|0000101000000101000000100
11133,15233,15232,15222,11444|0001001000000011000000100
44442,45522,33522,32221,32211|0100000001001001000000010
21113,22113,22114,55544,55544|0000100100100000001001000
22255,22255,22443,12443,12233|0100000001001001000000010
24444,21144,21133,22533,25533|0001001000000010010010000
11122,11122,11445,14455,33355|0001001000000010010010000
22111,22211,22311,44455,44455|0001010000001000000101000
11222,11332,11322,45522,44442|1000000100000010100000010
55441,55441,55441,25555,22355|0000101000000101000000100
44455,44555,44115,44112,43333|0001010000001000000101000
22113,51133,55114,55444,55444|0100000001001001000000010
33311,43331,44221,45211,55551|0100000001001001000000010
44433,44433,55433,51132,11132|0100000010100000000100100
25544,22554,32544,35514,33514|0010000001010000001010000
33333,23334,25544,55551,55551|0010010000000100100000001
52222,22111,22211,44444,33334|1000000010010000000100100
44411,44411,22555,22335,22335|0001001000000010010010000
55533,15533,11244,12224,12444|0001001000000010010010000
55544,15544,11142,13112,13222|0010010000000100100000001
33442,33352,13355,11155,11155|0010000001010000001010000
54433,54433,24113,22113,22233|0010010000000100100000001
55555,15514,11114,22133,22333|0100000001001001000000010
33333,31133,44433,44422,55222|0000100100100000001001000
32222,33125,33115,44111,44441|0010000001100000001001000
41555,41553,41113,44143,24443|0010000001010000001010000
55555,21115,21115,23445,23345|0000100100100000001001000
15555,11145,11444,21144,23344|0001001000000011000000100
33355,33115,32225,44225,44222|1000000100000010100000010
55111,55511,45533,45533,22222|0000100100100000001001000
22243,22443,22444,25511,25511|0000100100100000001001000
33225,44225,44155,41155,41555|0100000010100000010000001
44444,11243,11223,11155,55555|0100000001001001000000010
33333,22334,21134,25554,55554|0001010000001000000101000
55544,55114,23314,23313,23333|0010000001100000001001000
33222,33344,35544,35511,31111|0010000001010000001010000
22355,22355,44155,44111,44411|0010010000000010100000010
44112,44112,44522,22223,22233|0001010000001000000101000
22444,22444,12534,22533,22533|0100000010100000010000001
55522,55552,44122,44123,44133|0001010000001000000101000
55222,55222,33311,44311,44411|0100000010100000000100100
31114,31114,33115,33155,32225|0000100100100000001001000
55551,54221,34441,33311,33311|1000000010010000000100100
33555,33551,33251,43211,44211|0001010000001000000101000
45111,45321,43321,43311,43311|0100000010100000010000001
31355,33355,33332,44422,44442|0100000010100000000100100
21144,21144,23344,23355,23355|0100000010100000000100100
44443,44433,22433,22155,22111|0100000010100000000100100
11224,12224,15534,11534,11334|0010000001010000001010000
21111,21115,21155,23355,44445|1000000100000010100000010
11223,11223,15233,45553,55555|0100000001001001000000010
11444,11443,11253,11255,12222|0010000001100000001001000
11115,31155,33555,33332,44422|0001010000001000000101000
44455,44555,33555,35525,31125|0010000001100000001001000
55533,52133,22113,22113,22444|1000000100000010100000010
33555,33555,33344,22334,22311|0010010000000010100000010
55543,55543,55543,22143,22244|0001001000000010010010000
22222,55522,55332,54331,54431|0001010000001000000101000
55222,55211,55444,55444,33444|0010000001010000001010000
11222,11122,13555,33455,44445|1000000010010000000100100
24444,22211,22333,55533,55553|0100000010100000000100100
22333,22113,52111,51144,55144|0001010000001000000101000
55554,55544,33333,33221,22221|0100000010100000000100100
11155,11555,14455,12253,12222|1000000010010000000100100
33333,34333,34335,11255,11222|0001001000000011000000100
11455,14455,44455,44552,44332|1000000010010000000100100
44422,44422,45521,33311,33333|0010000001010000001010000
33331,34442,34422,33555,33555|0000101000000101000000100
55544,52244,52244,12233,12333|0100000001001001000000010
44555,43533,43333,43222,11222|0010000001100000001001000
11522,14423,14423,11223,11233|0010000001010000001010000
11333,21443,11443,11455,55555|0010010000000100100000001
44511,55511,52231,52231,52233|1000000100000010100000010
44422,55422,55422,33311,33111|0001010000001000000101000
44555,44555,31112,31122,11222|0100000010100000010000001
44444,22444,22455,22115,33311|0001001000000010010010000
22244,22444,34445,31155,33555|0100000010100000010000001
22551,35551,33551,33411,44411|1000000010010000000100100
11552,11552,14552,44532,44432|0000100100100000001001000
45522,44522,14332,14444,14444|0100000001001001000000010
32244,32245,31145,33345,33355|0010000001010000001010000
22444,22444,22454,31155,31155|0000101000000101000000100
33355,12255,12245,12244,12244|0100000010100000000100100
44431,44431,25331,25331,55331|0000100100100000001001000
55552,55532,53332,44332,44311|0100000001001001000000010
44111,41111,21111,33351,55555|0100000010100000010000001
22155,21143,24443,23333,22333|0000101000000101000000100
25555,22554,12553,11133,11333|0010000001010000001010000
44433,44431,55111,55222,55222|0001010000001000000101000
22333,12444,11444,15555,15555|0001001000000011000000100
22233,22233,44331,41111,55111|0010000001010000001010000
22222,25444,23444,33444,11114|0001001000000011000000100
44433,44441,42221,45511,45555|0001010000001000000101000
11233,11233,51334,55334,55334|0010010000000010100000010
42222,44222,11122,11355,13355|0001010000001000000101000
55431,55431,55431,22111,22211|0001010000001000000101000
11114,15524,11523,13333,33333|0000101000000101000000100
33444,33114,33514,22555,22555|1000000100000010100000010
55444,11443,11333,11323,11122|1000000100000010100000010
55555,44455,44111,42211,22223|0010010000000100100000001
44222,44223,44333,44435,41155|0001010000001000000101000
55523,52223,44113,44413,44443|0001010000001000000101000
55222,55112,11112,33311,44441|0000101000000101000000100
55222,55221,55551,33341,33344|0010000001010000001010000
33555,34455,34555,33332,31112|1000000010010000000100100
11222,12222,14422,14433,55555|1000000010010000000100100
22244,22444,33354,33111,33111|0000101000000101000000100
44133,41133,41233,41225,11125|0001010000001000000101000
33544,33544,33551,23311,22333|0010000001010000001010000
44411,44413,55223,55533,55533|0001010000001000000101000
55511,55111,42333,42233,42233|0100000010100000010000001
44441,22441,22221,55333,55333|0000100100100000001001000
22225,22255,41113,41333,33333|0000101000000101000000100
55544,35524,33224,33111,31111|0100000001001001000000010
23333,25333,25533,25544,21144|0001010000001000000101000
53334,55344,55444,22441,22111|0001010000001000000101000
22222,22511,45511,44553,44553|0100000010100000000100100
11555,11555,11222,11332,44432|0001001000000010010010000
44422,44322,55322,55333,11333|0010000001010000001010000
11544,55544,53344,55322,22222|0100000001001001000000010
33333,33313,43111,45555,44225|0100000010100000000100100
22155,22155,21145,21443,11443|1000000010010000000100100
22555,22443,22433,24411,22111|0010010000000100100000001
23333,22223,11555,44455,44444|0000100100100000001001000
11111,11112,11322,44322,44455|0100000001001001000000010
33333,53223,55221,54441,55444|0100000010100000000100100
33311,33111,33344,55524,55524|1000000100000010100000010
22155,21145,22144,22343,23333|0001001000000010010010000
33222,33222,33522,33514,31114|0001010000001000000101000
33222,35222,55411,55411,54411|1000000010010000000100100
11133,11133,11553,22533,22544|0100000001001001000000010
44443,44433,42233,42211,44555|1000000010010000000100100
11222,11222,11555,44445,44433|0100000001001001000000010
33355,33555,34455,11452,11122|1000000010010000000100100
44444,11114,11154,33552,33332|0010010000000100100000001
44441,44111,44222,52222,55533|0100000001001001000000010
45511,44521,44331,44331,44441|0100000010100000010000001
11111,11122,32224,55444,55544|0100000010100000000100100
22444,22444,33334,53511,55555|1000000010010000000100100
55521,55521,45221,44233,44333|0000101000000101000000100
55444,55444,55144,53222,53322|0001010000001000000101000
44455,43352,33152,33122,33111|1000000010010000000100100
42222,44222,33522,33521,33511|1000000010010000000100100
11114,33244,33244,55244,55544|0001010000001000000101000
33111,33111,45222,55222,55552|0100000010100000000100100
22433,22433,22433,11115,11155|0010010000000010100000010
44433,44433,54413,55113,55222|0000101000000101000000100
14333,14433,11433,11455,22255|0000100100100000001001000
22255,12255,11153,11443,11443|0001001000000010010010000
42111,42113,42113,45113,55511|0100000010100000000100100
44333,44333,44555,11555,12225|0001001000000011000000100
25555,25555,22444,22441,33411|0001010000001000000101000
55222,55223,55123,55113,54113|0010000001100000001001000
22333,12344,12444,22555,22555|0010010000000100100000001
54422,54223,54333,11133,11133|1000000010010000000100100
55511,45511,42511,42553,42333|0010010000000010100000010
24455,24555,24511,33111,33111|0010000001100000001001000
41111,44411,22551,22533,25533|0000100100100000001001000
44222,44433,43135,33335,33335|0001010000001000000101000
44111,41111,43322,33355,33355|0010010000000100100000001
45555,44153,44111,41111,42222|0010000001100000001001000
44422,42222,12222,11332,55333|0010000001100000001001000
33322,35222,35555,34411,44411|0010000001010000001010000
33221,53221,53211,53411,54411|0100000010100000010000001
11555,11155,21115,22315,22334|0100000010100000010000001
33555,11155,11115,11244,12224|1000000010010000000100100
11555,14555,44555,44352,43332|1000000010010000000100100
11122,13342,13342,13355,55555|0000101000000101000000100
44222,45552,45552,45511,43311|0000100100100000001001000
55511,55511,25331,22233,22443|0000101000000101000000100
33355,33355,23333,22441,22411|0100000010100000000100100
33333,35533,55552,44422,44122|0001001000000011000000100
11332,11132,11155,11455,44444|0010000001010000001010000
11144,21111,22111,22213,55533|0001010000001000000101000
11155,21155,22555,32545,32544|0010000001010000001010000
55533,15533,12233,12244,22244|0010010000000010100000010
43333,45535,44555,11255,11225|0010010000000010100000010
21113,22133,22443,44443,55533|0010000001010000001010000
21115,21115,24433,44433,44433|0000100100100000001001000
14445,14222,11222,11122,11333|0000101000000101000000100
12222,11225,33225,34455,44455|1000000010010000000100100
55444,55411,53411,33444,33224|1000000010010000000100100
22224,22444,21133,11133,55553|0000101000000101000000100
11442,12222,12333,12553,11553|0010010000000010100000010
33222,31225,31155,11141,11111|0010000001100000001001000
11111,31221,33221,33255,44455|0000100100100000001001000
11111,14411,54222,54443,53333|0000101000000101000000100
11344,11344,25544,22554,22554|0010010000000010100000010
44222,44222,11552,11355,11335|0100000010100000010000001
11333,11422,11422,11125,55555|0000100100100000001001000
33222,33222,52222,44211,44411|0100000010100000000100100
55544,55522,11223,11323,11333|0001010000001000000101000
55511,52511,22511,22333,33334|0100000010100000010000001
11144,31144,35544,55242,22222|0010010000000010100000010
55533,11123,11223,11143,14444|1000000010010000000100100
31111,34441,33311,33355,22355|0000100100100000001001000
22222,22252,42552,44413,11113|0100000010100000000100100
43355,43355,43115,42222,42222|0100000001001001000000010
11333,11333,15333,15422,14422|1000000010010000000100100
11155,12255,12255,33344,33334|0000100100100000001001000
33333,55533,22244,22241,22111|0010010000000100100000001
44455,42155,42133,42333,42333|0000100100100000001001000
33355,33155,44121,44111,44111|0000101000000101000000100
22444,22443,22443,55543,11133|0001001000000010010010000
33442,33455,33445,11155,11115|0000100100100000001001000
44444,14443,11133,15552,15522|0010010000000010100000010
22133,22553,25543,55544,55544|0010000001100000001001000
55522,55522,11522,44333,44444|0100000010100000010000001
11112,11444,55444,53334,53334|0000101000000101000000100
44445,14455,12455,12235,13335|0010000001010000001010000
45555,43355,43333,22111,22211|1000000010010000000100100
11333,11114,11554,11552,12222|0010000001100000001001000
32222,33555,33335,11333,14444|0100000001001001000000010
55554,34444,34244,11244,11224|0010010000000010100000010
11122,11142,55442,53342,33332|0100000010100000000100100
11133,11133,11134,15544,22544|0001001000000010010010000
55544,55544,11554,22233,22233|0000100100100000001001000
11222,11224,11444,55344,33334|0001001000000011000000100
33355,33355,12255,11144,11444|0010000001010000001010000
22211,22111,33415,33445,44455|0100000010100000000100100
44442,44222,22225,33325,33315|1000000100000010100000010
33333,44443,11553,15555,22225|0000100100100000001001000
55222,55322,53333,55443,11444|0001001000000010010010000
22211,32224,32224,32224,33555|0001001000000011000000100
12233,12233,11224,11124,11554|0001001000000011000000100
22255,22254,22554,33334,11133|0001001000000010010010000
22222,33551,55551,55544,55544|0010010000000010100000010
55551,55251,52251,42223,44333|0100000001001001000000010
22444,34444,35411,55111,55511|0100000010100000000100100
44333,44433,44111,42555,22222|0001010000001000000101000
55221,55221,33241,33341,33311|0010010000000100100000001
33555,31555,11442,44422,44222|0100000010100000010000001
41555,41115,42215,42233,44433|0100000001001001000000010
23331,24311,54411,54111,55111|0001010000001000000101000
55511,44111,44111,42111,22233|0010010000000010100000010
44455,44455,14455,12255,12233|0100000010100000010000001
41112,44132,55332,55332,55333|1000000100000010100000010
45111,45112,45522,43222,43333|0100000010100000000100100
55332,53322,51122,51111,51441|0010010000000010100000010
55555,55522,41122,44442,33332|0010000001010000001010000
11244,11244,11554,33334,33334|0010010000000100100000001
21444,21433,21433,21533,55555|0100000001001001000000010
55223,55233,55223,54422,51111|0010010000000010100000010
55144,55144,55124,33322,33332|0010000001100000001001000
44433,42133,42111,22555,22555|0000100100100000001001000
22222,55222,15542,15342,11342|0000101000000101000000100
44555,44411,22221,23333,33333|0001001000000011000000100
22333,22333,42155,42155,44455|0100000001001001000000010
22225,22335,22335,12255,44455|0000101000000101000000100
42222,45522,43522,33511,33511|1000000010010000000100100
11222,11332,43332,44532,45522|0100000010100000010000001
44422,44322,13332,13333,15333|0010000001100000001001000
44111,41111,43355,43225,42222|1000000010010000000100100
55122,55112,55422,54433,44333|0010000001010000001010000
22222,52222,55133,55433,54433|0001010000001000000101000
22233,22233,21144,55144,55144|0010000001010000001010000
22222,55552,54512,44312,44312|0000101000000101000000100
55553,25333,11333,11143,14444|0010010000000010100000010
33311,33511,33511,33422,44442|0000100100100000001001000
33331,33441,33441,35221,35521|0000100100100000001001000
33335,22155,42225,42255,44445|1000000100000010100000010
24333,24333,24411,55511,11111|0100000010100000010000001
44333,44331,22211,55111,55111|0001010000001000000101000
25114,55114,55114,55114,33334|1000000010010000000100100
11555,11522,33552,33322,33344|1000000100000010100000010
53333,55553,52233,44211,44411|0001010000001000000101000
11333,11333,11334,22244,52244|0001001000000010010010000
44333,44333,14333,15522,11522|0100000010100000010000001
11114,11114,21144,21155,33355|0000100100100000001001000
44444,44433,52222,51111,51111|0100000001001001000000010
21111,21144,21144,22354,22555|0100000010100000010000001
44443,42113,42113,22513,55511|0010000001010000001010000
22251,22251,44441,33433,33333|0001001000000010010010000
33344,33114,33214,52244,22244|0000101000000101000000100
33333,11335,11355,12245,12244|0010000001100000001001000
44422,54422,55552,33551,33311|1000000010010000000100100
55544,55544,53344,22111,22111|0010000001010000001010000
44444,43341,22311,22511,22511|0001001000000010010010000
55522,55512,54112,34422,34442|0100000001001001000000010
22533,22533,24433,24411,24411|0010000001010000001010000
33444,33444,34451,32255,22255|1000000100000010100000010
33444,33411,33411,32255,32255|0010000001100000001001000
11111,43311,43335,44232,42222|0001001000000011000000100
22222,22333,12333,11534,15533|0100000010100000000100100
44333,44113,24213,22211,55211|0001010000001000000101000
33344,11344,21345,11155,11155|0100000010100000000100100
22215,22225,22225,33422,33322|0001001000000010010010000
11333,15333,55243,55444,55444|0100000001001001000000010
55522,33522,33332,44411,44411|0010000001100000001001000
13335,14455,14455,22255,22222|0001010000001000000101000
44333,44333,55533,55511,52211|0001010000001000000101000
33344,11544,11555,11222,22222|0100000001001001000000010
11122,11222,11445,11445,33355|0001001000000010010010000
44113,44113,41113,45222,45222|0010010000000010100000010
12244,12244,11224,55223,55233|0001010000001000000101000
11113,11113,44553,44523,45523|0000100100100000001001000
12224,22244,22244,22233,22555|1000000010010000000100100
22223,22223,55213,55513,54444|0000101000000101000000100
33334,22334,22224,11222,55552|0100000001001001000000010
55222,55222,15223,11113,11143|1000000100000010100000010
34444,31444,31444,31155,33255|1000000010010000000100100
44445,42555,22333,12333,11333|0010000001010000001010000
11115,15555,45555,22225,33222|0010000001100000001001000
22211,35511,33411,33444,33344|1000000100000010100000010
55111,45111,43331,42222,42222|0100000001001001000000010
31112,34412,33442,33352,35555|0100000001001001000000010
33555,33411,33444,33422,34422|0010000001100000001001000
11133,15133,25533,22543,22444|0010000001010000001010000
44411,22411,22111,33551,33511|0010000001100000001001000
11155,21155,21335,24433,44433|0010010000000010100000010
44221,44211,54231,54331,44311|0010000001100000001001000
22222,43312,43311,33331,33355|0010010000000010100000010
22111,22111,52114,55334,55334|0001001000000010010010000
53333,53322,44422,44412,11112|1000000100000010100000010
43332,43332,55222,55222,55511|1000000100000010100000010
11222,51142,51142,55444,55333|0000101000000101000000100
11112,11155,11455,44455,44333|0000101000000101000000100
53111,53311,54333,44423,44422|0000100100100000001001000
55522,55522,44411,44411,44333|0000101000000101000000100
33322,13322,11332,11432,11455|0100000010100000010000001
22335,22235,11245,11155,11155|0010010000000100100000001
13333,15533,15533,15442,55422|1000000010010000000100100
43355,43355,44555,41122,41122|0010010000000010100000010
33222,31122,41112,44555,44455|1000000100000010100000010
33222,33222,33211,55441,55441|0000101000000101000000100
51144,51144,55244,55224,55333|0100000001001001000000010
33444,33522,55521,55221,11111|0010010000000100100000001
31111,31422,34422,55422,55422|0001010000001000000101000
11333,41113,41113,42155,42155|0010010000000100100000001
11113,41113,45511,45521,44521|0010000001010000001010000
32222,34222,34221,34221,55551|0001001000000011000000100
44445,14455,11552,11122,11322|1000000010010000000100100
33155,33155,33125,44122,44442|0010000001100000001001000
22222,45552,45333,44333,44111|0001001000000011000000100
22555,25554,23314,23314,33344|0010010000000100100000001
15555,15335,11115,22445,22445|1000000100000010100000010
11333,41113,44155,44455,22555|0001001000000010010010000
22223,22233,12335,11455,11455|0100000010100000010000001
22244,22255,11555,11553,11153|0001010000001000000101000
33442,33442,33332,55511,55511|0000100100100000001001000
24444,24443,24443,22513,55511|0010000001100000001001000
22111,22331,55531,55544,55544|1000000100000010100000010
55511,54522,44422,44422,43333|0001010000001000000101000
44411,34411,33421,53221,55221|0010000001010000001010000
54444,55244,55241,55221,53321|0001010000001000000101000
22244,22244,22344,22551,55551|0001010000001000000101000
22221,22211,43511,44551,44411|0010000001010000001010000
44433,44433,44453,11552,11222|0000101000000101000000100
11122,44122,44322,43355,33335|0010000001100000001001000
33355,33355,22455,22155,22111|0100000001001001000000010
44433,44233,44221,55511,55511|0000100100100000001001000
44444,55522,55322,51321,51111|0100000001001001000000010
33444,11545,11555,11225,11222|1000000010010000000100100
33335,23355,24451,24411,22211|1000000010010000000100100
43311,43311,44551,44551,44222|0000101000000101000000100
33333,34411,44411,55511,55221|0001001000000011000000100
55223,55333,55333,44333,44133|0001001000000011000000100
55553,55553,44333,14222,14222|0010000001010000001010000
23311,21111,22444,22444,55544|0100000010100000000100100
35555,33155,33115,33122,44442|0000100100100000001001000
11222,11222,11223,15553,44533|0001001000000010010010000
55122,55112,44133,44133,44433|0001010000001000000101000
55333,55333,53311,24411,24411|0000101000000101000000100
11222,11142,11143,14443,55553|0010010000000010100000010
44433,44433,44222,11225,11255|0001010000001000000101000
51114,51114,55544,22233,22233|0000100100100000001001000
54441,54331,53332,53522,55522|0100000001001001000000010
44213,44213,42213,55233,55533|0001010000001000000101000
22333,22235,11235,11445,11145|0001001000000010010010000
43355,43351,44551,42222,22222|0100000001001001000000010
13344,13333,11335,11325,12225|0001001000000011000000100
11444,11444,13332,13322,15522|0001010000001000000101000
33355,33325,31225,11214,11114|0001010000001000000101000
55222,55222,55524,33114,11114|0001001000000011000000100
22223,22333,11443,11145,11155|0100000001001001000000010
44423,44223,11522,11552,11555|0000101000000101000000100
35555,33332,44322,44311,44441|0010010000000100100000001
11555,11555,11344,11344,12224|0001010000001000000101000
33314,31114,33224,55522,55522|0000100100100000001001000
55552,55552,44222,11233,11223|0000100100100000001001000
55555,55445,52443,22233,21133|1000000010010000000100100
55111,55312,55312,54442,44444|0001010000001000000101000
44411,44111,32111,32211,35555|0100000010100000010000001
14444,14455,15555,22225,22223|0010010000000100100000001
11555,44522,45522,44423,44433|1000000010010000000100100
33111,31111,32221,52244,55544|1000000010010000000100100
55344,55344,55344,12244,11114|0010010000000010100000010
34455,34455,33455,33211,33221|0100000010100000000100100
23344,33344,33444,11555,11555|1000000100000010100000010
55221,55221,55331,54411,54411|0001010000001000000101000
24441,24411,22233,52233,55555|0000100100100000001001000
22244,22224,25224,35114,35114|0010000001010000001010000
33333,55444,55544,25554,22114|0001001000000011000000100
44444,22554,22553,12253,11253|0001010000001000000101000
55553,55533,44522,11552,11122|0100000010100000000100100
44333,43333,11112,55512,55552|1000000010010000000100100
44442,44422,44433,51133,11133|0000101000000101000000100
11111,44111,44421,45223,45333|0010010000000100100000001
33322,43322,45111,45141,44441|1000000010010000000100100
11111,11241,12245,22335,22335|1000000010010000000100100
22444,22241,55241,55331,55331|0001001000000010010010000
23334,23354,23354,21114,11114|1000000010010000000100100
33355,23355,22411,44411,44411|0000100100100000001001000
11443,11143,51111,55222,55552|0010000001010000001010000
44333,44335,43355,43221,41111|0010000001100000001001000
24444,33444,33331,33111,33155|1000000100000010100000010
55522,55223,11133,44433,44433|0100000010100000010000001
11111,22155,22445,22245,23335|0001010000001000000101000
13322,11322,11332,14455,44455|0000100100100000001001000
24444,22341,22311,23315,33555|0100000001001001000000010
44442,54442,51133,51133,55533|0010000001010000001010000
11122,14122,14222,15533,15553|1000000010010000000100100
44444,34552,31152,11122,11222|0010010000000100100000001
44355,45555,42222,44111,44111|0010000001010000001010000
22222,11123,11553,11544,11544|0100000001001001000000010
25555,25555,22244,21134,21333|0010010000000100100000001
33333,42331,42211,44455,44555|0010000001010000001010000
44411,54444,55244,53244,53244|0001010000001000000101000
33221,32221,44111,44555,44555|1000000100000010100000010
11133,11133,44155,44225,44455|0001001000000010010010000
11114,31114,32212,32222,35555|0000100100100000001001000
22225,24325,24333,44311,44333|0000100100100000001001000
55555,44555,32255,32221,33321|0001010000001000000101000
21113,21133,22453,22453,44444|0000101000000101000000100
44411,44451,42251,32251,33331|1000000010010000000100100
22244,55544,51544,11533,11333|1000000100000010100000010
11111,32111,33445,33445,33444|0001001000000011000000100
22114,22244,22333,55333,55553|0010000001010000001010000
45555,45553,55523,11223,12233|0010010000000100100000001
11155,11322,14322,14322,44332|0001001000000010010010000
22553,22533,22511,44111,41111|0100000001001001000000010
54444,55422,55132,11133,11133|0100000010100000000100100
45555,44552,44522,41333,41113|0010000001100000001001000
22224,22244,11444,11445,11335|0100000010100000000100100
35541,32241,32241,33441,34441|0100000001001001000000010
44333,44333,44223,15525,11555|0100000001001001000000010
33311,33111,44221,44455,44555|0100000001001001000000010
31111,31112,32222,32244,32544|1000000010010000000100100
12223,11233,11233,14555,44555|0010010000000100100000001
44332,44332,44322,11552,11155|0001001000000010010010000
33355,33315,31115,22215,22444|0000101000000101000000100
44444,55444,15422,13322,33322|0000101000000101000000100
22244,22254,33355,33311,33111|0001001000000011000000100
11155,15555,42233,44433,44433|1000000010010000000100100
44441,44411,44455,22335,22333|0000101000000101000000100
55544,51444,51222,33322,33222|0010000001010000001010000
35555,33445,33325,13322,11332|0000100100100000001001000
22221,22311,33311,44411,44455|1000000100000010100000010
11555,13335,11145,12245,12444|1000000100000010100000010
55333,54432,14432,14332,11122|1000000010010000000100100
44355,43333,42233,44113,11111|0001010000001000000101000
11333,44223,44233,44255,44555|1000000100000010100000010
23333,22443,22415,22215,22111|0100000010100000000100100
11444,11445,11255,11222,13222|0010000001100000001001000
44333,44433,44211,55221,55222|0000101000000101000000100
33333,33335,32211,22211,44444|0010000001010000001010000
22333,24551,44551,44555,44555|0010010000000010100000010
22224,12224,52244,55334,55333|0010010000000010100000010
13335,13355,13355,22455,22444|1000000100000010100000010
11111,11133,22133,25543,22444|0100000010100000010000001
31111,32211,33441,53344,53344|0000101000000101000000100
11555,11155,24444,24444,23444|0000100100100000001001000
22222,54444,55114,55113,33333|0100000001001001000000010
33555,33211,33211,33241,44441|0001010000001000000101000
55555,21111,21113,22433,24444|0001001000000011000000100
11154,11154,22554,22533,22233|0100000001001001000000010
55555,15525,11525,11344,33344|0100000010100000010000001
55511,45511,44411,44442,33342|1000000010010000000100100
44433,44433,21133,21335,11155|0100000010100000000100100
33555,33335,33332,44122,44122|0001001000000010010010000
31114,31124,31122,11122,15522|0000100100100000001001000
55552,35542,35442,33444,31111|0000100100100000001001000
53311,52241,52241,55211,55211|0100000010100000010000001
32222,33355,31334,31114,31114|0100000010100000000100100
25533,25533,22551,22551,44411|0001010000001000000101000
33344,33344,33255,22221,11111|0000101000000101000000100
44433,24133,22223,22225,22255|1000000100000010100000010
11555,13555,33222,33222,33344|1000000100000010100000010
44422,44222,11222,11233,55555|0010000001100000001001000
12223,12233,11114,15544,11554|0100000010100000000100100
55522,55222,42223,41233,11333|0010000001100000001001000
41222,44222,34222,34455,33355|0100000010100000010000001
44433,44133,44333,55522,55522|0000100100100000001001000
55544,55144,55114,53312,52222|1000000100000010100000010
24433,22433,52433,55431,55111|0001010000001000000101000
44422,44422,11422,15552,13333|0100000010100000010000001
11133,41153,41553,44422,44422|0100000001001001000000010
44422,44221,55331,55311,55111|0001010000001000000101000
22223,22223,44113,55113,55113|0000100100100000001001000
33355,35555,11225,11422,11222|0100000010100000010000001
11222,11124,11134,55144,55444|0010010000000100100000001
55553,15533,15333,33343,22443|0010000001100000001001000
22113,21113,24413,44455,44555|0000100100100000001001000
22333,22233,44433,55555,55511|0100000001001001000000010
44222,44222,33351,33351,33351|1000000100000010100000010
33444,35514,35554,22524,22224|1000000010010000000100100
51122,55122,55122,55433,55433|0100000010100000010000001
33333,53122,55522,55222,55544|1000000100000010100000010
33311,22111,44411,44455,55555|0010010000000100100000001
44444,34442,33112,33122,33152|0100000001001001000000010
33333,33444,55451,55551,55222|1000000100000010100000010
22222,23122,41125,41155,44555|0001001000000010010010000
22334,25334,23334,21111,22111|0000101000000101000000100
11224,11244,11244,11233,55533|0010000001010000001010000
55331,55331,55331,22241,22241|0000100100100000001001000
44444,14444,11222,11133,15533|0001010000001000000101000
55122,51122,51442,53442,53442|0010010000000100100000001
11112,11222,31222,35244,35544|0010000001100000001001000
55555,55154,53124,53124,53224|1000000100000010100000010
42221,45521,45221,43311,33333|0000101000000101000000100
44444,42214,52213,52233,22233|0100000010100000000100100
55444,25444,22244,13333,11133|1000000010010000000100100
44222,44225,44355,44355,11355|0001001000000010010010000
11222,11332,55532,55522,54444|1000000100000010100000010
34444,33445,11445,11115,22222|1000000100000010100000010
33333,33354,31154,33444,22224|1000000010010000000100100
44433,44433,12223,11122,55122|0000100100100000001001000
22113,22113,22243,25553,25553|0010010000000100100000001
33334,13224,12244,12254,55554|0010010000000010100000010
33444,33554,33324,33124,31124|0000100100100000001001000
44455,44455,41111,22111,22233|0100000001001001000000010
55111,55331,55322,44322,44422|0001010000001000000101000
53344,55244,52214,52214,51111|0100000001001001000000010
12222,11112,41132,44433,44445|0010010000000100100000001
33222,34422,55422,55222,55111|1000000100000010100000010
53342,53322,55522,51122,11122|0001001000000011000000100
11144,11544,21554,22554,22354|0000101000000101000000100
43333,43333,11115,11225,22222|1000000100000010100000010
11555,21133,21333,21433,44443|0010010000000010100000010
11111,14431,14452,14552,14555|1000000010010000000100100
11122,11222,55333,55333,53344|1000000100000010100000010
11333,11355,41335,42235,42255|0001001000000011000000100
13322,15332,15522,15544,11144|0100000001001001000000010
51111,51111,54111,54113,52233|1000000010010000000100100
55522,55522,33332,44331,44331|0001010000001000000101000
55522,55222,55544,31114,33314|0001001000000010010010000
22333,22233,44451,44551,45551|0010010000000010100000010
54444,55555,55515,33225,32225|0000101000000101000000100
11115,21155,43355,44355,44555|0001010000001000000101000
54411,54411,55211,35221,33331|0010000001010000001010000
11222,11322,11333,55433,55553|0001001000000010010010000
33322,55322,55111,54444,44444|0100000001001001000000010
22222,22231,45531,44531,44531|0010000001010000001010000
33333,13335,12355,12244,12244|0010000001100000001001000
44222,44222,42223,22133,55133|0001001000000010010010000
22222,22255,44444,11133,11133|0100000010100000000100100
11111,11133,55533,45532,55522|0100000001001001000000010
14433,14333,14223,14225,44225|1000000010010000000100100
44222,44442,44555,11155,11153|0010010000000100100000001
33114,33314,35224,55554,55554|0001010000001000000101000
31111,33551,33111,44444,44244|0100000010100000000100100
55511,22511,22222,33442,34422|0010000001010000001010000
44555,14555,14535,11233,22223|0100000010100000000100100
33355,33355,31442,31222,31122|0001010000001000000101000
33224,32224,55144,55144,55114|1000000010010000000100100
44455,44455,33455,33352,33152|0100000010100000000100100
44444,33445,11425,11225,11225|0010010000000010100000010
22211,22211,44411,44455,33355|0010000001010000001010000
55222,15555,14444,11334,11144|0001001000000010010010000
22111,22131,22331,55344,55444|0100000001001001000000010
11344,11333,15533,15222,55222|0001001000000010010010000
33111,33142,33142,55222,55222|0000101000000101000000100
53333,55333,55513,44523,44422|0010010000000100100000001
13333,13334,25534,22444,22244|1000000010010000000100100
11113,54433,54433,22333,22222|0001010000001000000101000
22244,22444,33551,33351,33551|1000000100000010100000010
33444,23444,23355,33355,33311|0010010000000010100000010
53311,55331,52331,22331,24431|1000000010010000000100100
33333,55311,55331,54331,44321|0010010000000010100000010
22333,21333,21534,21544,25544|0001001000000010010010000
14445,14425,13325,13322,11222|0010000001010000001010000
11333,11433,11222,11222,55522|0000100100100000001001000
11111,11344,11334,22554,22254|1000000100000010100000010
44422,14222,13222,13255,15555|0010000001010000001010000
55511,55511,55113,25133,25443|0001001000000011000000100
55544,55544,55534,22334,22111|0000101000000101000000100
55511,55222,33322,44323,44333|0001001000000011000000100
44444,34114,33355,33255,22255|0000100100100000001001000
55511,55111,55413,24413,22443|0001001000000011000000100
33311,33311,44111,44115,22255|0100000010100000000100100
44422,44422,15523,11123,11113|1000000010010000000100100
12233,15533,11533,15543,55443|0100000001001001000000010
55522,53222,53314,33314,31114|1000000100000010100000010
44533,55533,51532,51112,11122|0100000010100000000100100
22225,33222,33112,11114,14444|0000100100100000001001000
33333,13323,14322,14355,44335|0010010000000100100000001
33222,13333,11333,41355,41555|0010000001010000001010000
22255,22255,12443,11443,11444|0001001000000011000000100
33335,11335,44425,44425,44425|0010010000000100100000001
22222,55555,55441,44441,43341|0001010000001000000101000
55334,52344,52444,22211,11111|0010010000000100100000001
22222,33222,33355,13344,33444|0000101000000101000000100
11555,13333,11333,11132,44422|0001010000001000000101000
14222,14355,13355,13333,33333|0001001000000011000000100
44433,44331,43311,55521,55222|0010000001010000001010000
11222,11232,55333,55555,54455|0001010000001000000101000
15522,11522,55544,53334,33333|1000000010010000000100100
44444,41444,11143,55133,52222|0001001000000011000000100
22111,22211,43331,43355,43355|0000100100100000001001000
25544,22544,22211,33111,33111|0100000001001001000000010
55221,55221,55531,54111,55111|0010010000000100100000001
14333,14444,11554,15555,12222|0010000001100000001001000
22244,22443,22333,25513,22513|1000000100000010100000010